*************************************************
******************* ORCA 6.0.1 ******************
*************************************************
$Calculation_Status
   &GeometryIndex 1
   &ListStatus       OUT
   &VERSION [&Type "String"] "6.0.1"
   &PROGNAME [&Type "String"] "LeanSCF"
   &STATUS [&Type "String"] "NORMAL TERMINATION"
$End
$Geometry
   &GeometryIndex 1
   &ListStatus       OUT
   &NATOMS [&Type "Integer"] 4
   &NCORELESSECP [&Type "Integer"] 0
   &NGHOSTATOMS [&Type "Integer"] 0
   &CartesianCoordinates [&Type "Coordinates", &Dim(4,4), &Units "Bohr"] 
              N     -0.000163130420   -0.001920227826    0.156183977321
              H      0.943309787857   -0.001993284449   -0.254401323013
              H     -0.498182285754    0.860552690587   -0.276054426587
              H     -0.437162458760   -0.759044343558   -0.225796551752
$End
$SCF_Energy
   &GeometryIndex 1
   &ListStatus       OUT
   &SCF_ENERGY [&Type "Double"]      -5.4528899250600922e+01
$End
$DFT_Energy
   &GeometryIndex 1
   &ListStatus       OUT
   &NALPHAEL [&Type "Integer"] 5
   &NBETAEL [&Type "Integer"] 5
   &NTOTALEL [&Type "Integer"] 10
   &EEXCHANGE [&Type "Double"]      -6.8148335625193761e+00
   &ECORR [&Type "Double"]      -4.0814913349137361e-01
   &ECNL [&Type "Double"]       0.0000000000000000e+00
   &EXC [&Type "Double"]      -7.2229826960107495e+00
   &EEMBED [&Type "Double"]       0.0000000000000000e+00
   &FINALEN [&Type "Double"]      -5.4528899250600922e+01  "No Van der Waals correction"
$End
$Mulliken_Population_Analysis
   &GeometryIndex 1
   &ListStatus       OUT
   &NATOMS [&Type "Integer"] 4
   &ATNO [&Type "ArrayOfIntegers", &Dim (4,1)] 
                                                         0

0                                                        7
1                                                        1
2                                                        1
3                                                        1
   &ATOMICCHARGES [&Type "ArrayOfDoubles", &Dim (4,1)] 
                                                         0

0                                      9.5045376389678626e-01
1                                     -3.1134062408671404e-01
2                                     -2.5622353223051508e-01
3                                     -3.8288960757955137e-01
$End
$Loewdin_Population_Analysis
   &GeometryIndex 1
   &ListStatus       OUT
   &NATOMS [&Type "Integer"] 4
   &ATNO [&Type "ArrayOfIntegers", &Dim (4,1)] 
                                                         0

0                                                        7
1                                                        1
2                                                        1
3                                                        1
   &ATOMICCHARGES [&Type "ArrayOfDoubles", &Dim (4,1)] 
                                                         0

0                                      4.1674402646108177e-01
1                                     -1.3204728019611078e-01
2                                     -8.9200643603844387e-02
3                                     -1.9549610266112039e-01
$End
$Mayer_Population_Analysis
   &GeometryIndex 1
   &ListStatus       OUT
   &NATOMS [&Type "Integer"] 4 "Total number of atoms"
   &BONDTHRESH [&Type "Double"]       1.0000000000000001e-01  "The threshold for printing"
   &NBONDORDERSPRINT [&Type "Integer"] 6 "The number of bond orders larger than threshold"
   &BONDORDERS [&Type "ArrayOfDoubles", &Dim (6,1)] "The bond orders"
                                                         0

0                                      3.2473874136646019e-01
1                                      4.0581315737583801e-01
2                                      1.9579103460533601e-01
3                                      2.2748829296252315e-01
4                                      2.7393173167019252e-01
5                                      2.5291860721772658e-01
   &COMPONENTS [&Type "ArrayOfIntegers", &Dim (6,4)] "The indices and atomic numbers of the bonding atoms"
                                                         0                           1                           2                           3

0                                                        0                           7                           1                           1
1                                                        0                           7                           2                           1
2                                                        0                           7                           3                           1
3                                                        1                           1                           2                           1
4                                                        1                           1                           3                           1
5                                                        2                           1                           3                           1
   &ATNO [&Type "ArrayOfIntegers", &Dim (4,1)] "Atomic number of the elements"
                                                         0

0                                                        7
1                                                        1
2                                                        1
3                                                        1
   &NA [&Type "ArrayOfDoubles", &Dim (4,1)] "Mulliken gross atomic population"
                                                         0

0                                      6.0495462361032146e+00
1                                      1.3113406240867145e+00
2                                      1.2562235322305151e+00
3                                      1.3828896075795503e+00
   &ZA [&Type "ArrayOfDoubles", &Dim (4,1)] "Total nuclear charge"
                                                         0

0                                      7.0000000000000000e+00
1                                      1.0000000000000000e+00
2                                      1.0000000000000000e+00
3                                      1.0000000000000000e+00
   &QA [&Type "ArrayOfDoubles", &Dim (4,1)] "Mulliken gross atomic charge"
                                                         0

0                                      9.5045376389678538e-01
1                                     -3.1134062408671448e-01
2                                     -2.5622353223051508e-01
3                                     -3.8288960757955026e-01
   &VA [&Type "ArrayOfDoubles", &Dim (4,1)] "Mayer's total valence"
                                                         0

0                                      9.2634293334763662e-01
1                                      8.2615876599918492e-01
2                                      8.8622005755608990e-01
3                                      7.2264137349325908e-01
   &BVA [&Type "ArrayOfDoubles", &Dim (4,1)] "Mayer's bonded valence"
                                                         0

0                                      9.2634293334763418e-01
1                                      8.2615876599917581e-01
2                                      8.8622005755608768e-01
3                                      7.2264137349325508e-01
   &FA [&Type "ArrayOfDoubles", &Dim (4,1)] "Mayer's free valence"
                                                         0

0                                      0.0000000000000000e+00
1                                      0.0000000000000000e+00
2                                      0.0000000000000000e+00
3                                      0.0000000000000000e+00
$End
$SCF_Nuc_Gradient
   &GeometryIndex 1
   &ListStatus       OUT
   &NATOMS [&Type "Integer"] 4
   &ROOT [&Type "Integer"] 0
   &GRADNORM [&Type "Double"]       5.3473087657752512e+00
   &GRAD [&Type "ArrayOfDoubles", &Dim (12,1)] 
                                                         0

0                                     -1.3838090968201913e-01
1                                     -9.4337166196070121e-01
2                                     -2.8706410350390681e+00
3                                     -2.2151116797748744e+00
4                                     -8.0741692867758799e-04
5                                      9.1621406050608323e-01
6                                      9.0391302947095964e-01
7                                     -1.5664388447293027e+00
8                                      7.3983401550824723e-01
9                                      1.4495795599447288e+00
10                                     2.5106179236463508e+00
11                                     1.2145929591819549e+00
$End
$SCF_Dipole_Moment
   &GeometryIndex 1
   &ListStatus       OUT
   &METHOD [&Type "String"] "SCF"
   &LEVEL [&Type "String"] "Relaxed density"
   &MULT [&Type "Integer"] 1
   &STATE [&Type "Integer"] -1
   &IRREP [&Type "Integer"] 0
   &NATOMS [&Type "Integer"] 4
   &DODIPOLEATOM [&Type "Boolean"] false
   &DIPOLEELECCONTRIB [&Type "ArrayOfDoubles", &Dim (3,1)] "Electronic contribution"
                                                         0

0                                     -2.2475038091873418e-03
1                                     -3.0548744041869184e-02
2                                     -2.2951123540257712e-01
   &DIPOLENUCCONTRIB [&Type "ArrayOfDoubles", &Dim (3,1)] "Nuclear contribution"
                                                         0

0                                      3.4505768840845663e-03
1                                      4.2967043088493306e-02
2                                     -4.9988927401659183e-01
   &DIPOLETOTAL [&Type "ArrayOfDoubles", &Dim (3,1)] "Total"
                                                         0

0                                      1.2030730748972245e-03
1                                      1.2418299046624122e-02
2                                     -7.2940050941916890e-01
   &DIPOLEMAGNITUDE [&Type "Double", &Units "a.u."]       7.2950720673409253e-01
$End
$SCF_Polarizability
   &GeometryIndex 1
   &ListStatus       OUT
   &METHOD [&Type "String"] "SCF"
   &LEVEL [&Type "String"] "Relaxed density"
   &MULT [&Type "Integer"] 1
   &STATE [&Type "Integer"] -1
   &IRREP [&Type "Integer"] 0
   &NATOMS [&Type "Integer"] 4
   &DODIPOLEATOM [&Type "Boolean"] false
   &RAWCARTESIAN [&Type "ArrayOfDoubles", &Units "a.u", &Dim (3,3)] 
                                                         0                           1                           2

0                                      3.4476850334142632e+00        -7.9744907178183680e-02        -7.8813292322231186e-03
1                                     -7.9744907178183680e-02         3.4405175012442029e+00        -1.1998258245327773e-01
2                                     -7.8813292322231186e-03        -1.1998258245327773e-01         3.7749482462562871e+00
   &DIAGONALIZEDTENSOR [&Type "ArrayOfDoubles", &Dim (3,1)] 
                                                         0

0                                      3.3429847334469329e+00
1                                      3.5058121743696224e+00
2                                      3.8143538730981970e+00
   &ORIENTATION [&Type "ArrayOfDoubles", &Dim (3,3)] 
                                                         0                           1                           2

0                                      6.0112939687757416e-01         7.9770736788381758e-01         4.8025029239719082e-02
1                                      7.6710477069223970e-01        -5.5913307809880386e-01        -3.1451625038614978e-01
2                                      2.2403954782763411e-01        -2.2590519294524505e-01         9.4803645753186161e-01
   &ISOTROPICPOLAR [&Type "Double"]       3.5543835936382502e+00
$End
$THERMOCHEMISTRY_Energies
   &GeometryIndex 1
   &ListStatus       OUT
   &TEMPERATURE [&Type "Double"]       2.9814999999999998e+02
   &PRESSURE [&Type "Double"]       1.0000000000000000e+00
   &TOTALMASS [&Type "Double"]       1.7030999999999999e+01
   &SPINDEGENERACY [&Type "Integer"] 1
   &ELENERGY [&Type "Double"]      -5.4528899250600922e+01
   &TRANSENERGY [&Type "Double"]       1.4162714244859817e-03
   &ROTENERGY [&Type "Double"]       1.4162714244859817e-03
   &VIBENERGY [&Type "Double"]       4.3394395742377454e-31
   &NUMOFFREQS [&Type "Integer"] 12
   &FREQSCALINGFACTOR [&Type "Double"]       1.0000000000000000e+00
   &FREQ [&Type "ArrayOfDoubles", &Dim (12,1)] "In cm^-1"
                                                         0

0                                      0.0000000000000000e+00
1                                      0.0000000000000000e+00
2                                      0.0000000000000000e+00
3                                      0.0000000000000000e+00
4                                      0.0000000000000000e+00
5                                      0.0000000000000000e+00
6                                     -8.4383090098539815e+03
7                                     -8.0627514080364799e+03
8                                     -6.7931223817462997e+03
9                                      1.3916488147610109e+04
10                                     1.5480448945953396e+04
11                                     1.7829266007360751e+04
   &ZPE [&Type "Double"]       1.0758920717048712e-01
   &INNERENERGYU [&Type "Double"]      -5.4418477500581460e+01
   &ENTHALPYH [&Type "Double"]      -5.4417533291539200e+01
   &QEL [&Type "Double"]       0.0000000000000000e+00
   &QROT [&Type "Double"]       4.6962682918851150e-03
   &QVIB [&Type "Double"]      -5.4621787658449861e-12
   &QTRANS [&Type "Double"]       1.6364250539629886e-02
   &ENTROPYS [&Type "Double"]       2.1060518826052824e-02
   &FREEENERGYG [&Type "Double"]      -5.4438593810365255e+01
   &ISLINEAR [&Type "Boolean"] false
$End
$Hessian
   &GeometryIndex 1
   &ListStatus       OUT
   &HESSIAN [&Type "ArrayOfDoubles", &Dim (12,12)] "The Hessian"
                                                         0                           1                           2                           3                           4                           5                           6                           7

0                                      7.2962242170435054e+00         2.0758870014311892e+00         2.9063775108692269e-01        -6.8715837951070107e+00         2.5032682807204443e-02         4.0875240839263389e+00        -3.1496706166295640e-01         3.0566857687925149e+00
1                                      2.0758870014311892e+00         7.9625632477177435e+00         1.8557749955521152e+00        -2.3003093679964046e-02         1.9510029992616020e+00         1.9373453669390833e-03         3.0821617306939029e+00        -3.8577133052792383e+00
2                                      2.9063775108692269e-01         1.8557749955521152e+00        -1.4642367225025619e+00         3.7749700891343121e+00        -2.1944532230616199e-02         4.3218348090506153e-01        -1.5166152936240664e+00         2.6063589050923746e+00
3                                     -6.8715837951070107e+00        -2.3003093679964046e-02         3.7749700891343121e+00         6.8514413619333885e+00         1.1917213687285336e-03        -3.9000081164618425e+00         7.0483446991617127e-03        -8.0645338609560802e-02
4                                      2.5032682807204443e-02         1.9510029992616020e+00        -2.1944532230616199e-02         1.1917213687285336e-03        -2.0415430139491511e+00         5.9832883909761367e-03         1.4014191541998661e-01         4.0137016079167961e-02
5                                      4.0875240839263389e+00         1.9373453669390833e-03         4.3218348090506153e-01        -3.9000081164618425e+00         5.9832883909761367e-03        -5.2454920309183950e-01        -8.2779375638591529e-02         1.5413730583710261e-02
6                                     -3.1496706166295640e-01         3.0821617306939029e+00        -1.5166152936240664e+00         7.0483446991617127e-03         1.4014191541998661e-01        -8.2779375638591529e-02         2.4466296840998425e-01        -3.1000217702421802e+00
7                                      3.0566857687925149e+00        -3.8577133052792383e+00         2.6063589050923746e+00        -8.0645338609560802e-02         4.0137016079167961e-02         1.5413730583710261e-02        -3.1000217702421802e+00         3.8257357507929703e+00
8                                     -1.6522427949760199e+00         2.8669696426744098e+00         2.5726042595338228e-01         5.5303497034693228e-02        -6.3283574304742740e-02         4.2557455501552703e-02         1.5682437528729718e+00        -2.7116137965173399e+00
9                                     -1.0967336027353813e-01        -5.1350396771906368e+00        -2.5489918399941311e+00         1.3094088474460308e-02        -1.6635670561386118e-01        -1.0468281977353480e-01         6.3255748553810442e-02         1.2407721594443849e-01
10                                    -5.1576114142853999e+00        -6.0558529417001070e+00        -4.4402041319384296e+00         1.0244709693873791e-01         5.0402998608380975e-02        -2.3326758372007025e-02        -1.2237775175692203e-01        -8.1594615928999303e-03
11                                    -2.7259197466402791e+00        -4.7246672200689082e+00         7.7479281564411806e-01         6.9680758240467183e-02         7.9237212174764343e-02         4.9808266685225297e-02         3.1166790290445969e-02         8.9880885291900914e-02
                                                         8                           9                          10                          11

0                                     -1.6522427949760199e+00        -1.0967336027353813e-01        -5.1576114142853999e+00        -2.7259197466402791e+00
1                                      2.8669696426744098e+00        -5.1350396771906368e+00        -6.0558529417001070e+00        -4.7246672200689082e+00
2                                      2.5726042595338228e-01        -2.5489918399941311e+00        -4.4402041319384296e+00         7.7479281564411806e-01
3                                      5.5303497034693228e-02         1.3094088474460308e-02         1.0244709693873791e-01         6.9680758240467183e-02
4                                     -6.3283574304742740e-02        -1.6635670561386118e-01         5.0402998608380975e-02         7.9237212174764343e-02
5                                      4.2557455501552703e-02        -1.0468281977353480e-01        -2.3326758372007025e-02         4.9808266685225297e-02
6                                      1.5682437528729718e+00         6.3255748553810442e-02        -1.2237775175692203e-01         3.1166790290445969e-02
7                                     -2.7116137965173399e+00         1.2407721594443849e-01        -8.1594615928999303e-03         8.9880885291900914e-02
8                                     -3.4577964486191326e-01         2.8679671167595268e-02        -9.2111996302972704e-02         4.5961763406978273e-02
9                                      2.8679671167595268e-02         3.3323523245267384e-02         5.1774306179818215e+00         2.6250335933547184e+00
10                                    -9.2111996302972704e-02         5.1774306179818215e+00         6.0136094046846260e+00         4.5555960046078265e+00
11                                     4.5961763406978273e-02         2.6250335933547184e+00         4.5555960046078265e+00        -8.7056284573632170e-01
   &MODES [&Type "ArrayOfDoubles", &Dim (12,12)] "The modes of vibrations"
                                                         0                           1                           2                           3                           4                           5                           6                           7

0                                      0.0000000000000000e+00         0.0000000000000000e+00         0.0000000000000000e+00         0.0000000000000000e+00         0.0000000000000000e+00         0.0000000000000000e+00         8.2185462482494212e-03        -5.0942876547441687e-02
1                                      0.0000000000000000e+00         0.0000000000000000e+00         0.0000000000000000e+00         0.0000000000000000e+00         0.0000000000000000e+00         0.0000000000000000e+00        -1.8656804380000121e-02         3.4454792908406598e-02
2                                      0.0000000000000000e+00         0.0000000000000000e+00         0.0000000000000000e+00         0.0000000000000000e+00         0.0000000000000000e+00         0.0000000000000000e+00        -9.5367483811425777e-02        -2.9875663418242424e-02
3                                      0.0000000000000000e+00         0.0000000000000000e+00         0.0000000000000000e+00         0.0000000000000000e+00         0.0000000000000000e+00         0.0000000000000000e+00         2.3586371649822041e-01        -5.1442811480630027e-02
4                                      0.0000000000000000e+00         0.0000000000000000e+00         0.0000000000000000e+00         0.0000000000000000e+00         0.0000000000000000e+00         0.0000000000000000e+00         2.3661448498564419e-01        -3.6479153191437513e-01
5                                      0.0000000000000000e+00         0.0000000000000000e+00         0.0000000000000000e+00         0.0000000000000000e+00         0.0000000000000000e+00         0.0000000000000000e+00         4.6232437067140969e-01        -5.4713552730485490e-02
6                                      0.0000000000000000e+00         0.0000000000000000e+00         0.0000000000000000e+00         0.0000000000000000e+00         0.0000000000000000e+00         0.0000000000000000e+00        -3.7910893233434814e-02         1.6152088457142705e-01
7                                      0.0000000000000000e+00         0.0000000000000000e+00         0.0000000000000000e+00         0.0000000000000000e+00         0.0000000000000000e+00         0.0000000000000000e+00         1.5929381064336010e-01         3.1056467229675694e-01
8                                      0.0000000000000000e+00         0.0000000000000000e+00         0.0000000000000000e+00         0.0000000000000000e+00         0.0000000000000000e+00         0.0000000000000000e+00         3.3313383230008836e-01         3.2937161710653262e-01
9                                      0.0000000000000000e+00         0.0000000000000000e+00         0.0000000000000000e+00         0.0000000000000000e+00         0.0000000000000000e+00         0.0000000000000000e+00        -3.1215637217275144e-01         5.9781564893302830e-01
10                                     0.0000000000000000e+00         0.0000000000000000e+00         0.0000000000000000e+00         0.0000000000000000e+00         0.0000000000000000e+00         0.0000000000000000e+00        -1.3665645143191926e-01        -4.2455120017211539e-01
11                                     0.0000000000000000e+00         0.0000000000000000e+00         0.0000000000000000e+00         0.0000000000000000e+00         0.0000000000000000e+00         0.0000000000000000e+00         5.2975245749143962e-01         1.4048917520661336e-01
                                                         8                           9                          10                          11

0                                      3.5038927968458006e-02         2.3217970309386802e-02        -6.3061046113557673e-02        -3.5547513940686185e-02
1                                      4.8218713936322190e-02        -4.9082933800653164e-02         1.3105303934706790e-02        -5.6657926791239072e-02
2                                     -2.2069473132810706e-02         3.2133784057539728e-02         2.4820160864293842e-02        -2.3033161936521558e-02
3                                      1.4883727394343779e-01         1.4384623860917514e-01         8.7191833362544413e-01         8.0590324305083255e-02
4                                     -5.8696390468317805e-01        -9.2970847264277120e-03         3.9364256555061081e-03        -6.0602442054279379e-03
5                                      2.5958960134094505e-01        -5.5318156016053402e-02        -3.6930529376300142e-01        -3.6970510036838183e-02
6                                     -6.0827978369344016e-01        -4.3869448732693744e-01         5.8917751473165254e-02        -2.5602664172140299e-02
7                                     -2.2337003935041808e-01         7.6118015761100388e-01        -1.1532190971754284e-01         3.3206420688116627e-02
8                                      1.9734877539373682e-01        -3.6719950371874222e-01         5.7853054936175451e-02        -1.9705397562247706e-02
9                                     -2.7452593478362243e-02        -2.7784797039758450e-02        -5.4550298478964011e-02         4.3897466900117565e-01
10                                     1.4029473162678549e-01        -6.9834805279666207e-02        -7.0723635197326357e-02         7.6016293122057121e-01
11                                    -1.5026465632666647e-01        -2.4008047898100321e-02        -3.3444579849924091e-02         3.7674088700866676e-01
$End
