
$orca_hessian_file

$act_atom
  0

$act_coord
  0

$act_energy
        0.000000

$multiplicity
  1

$hessian
12
                    0                  1                  2                  3                  4        
    0      7.2962242170E+00   2.0758870014E+00   2.9063775109E-01  -6.8715837951E+00   2.5032682807E-02
    1      2.0758870014E+00   7.9625632477E+00   1.8557749956E+00  -2.3003093680E-02   1.9510029993E+00
    2      2.9063775109E-01   1.8557749956E+00  -1.4642367225E+00   3.7749700891E+00  -2.1944532231E-02
    3     -6.8715837951E+00  -2.3003093680E-02   3.7749700891E+00   6.8514413619E+00   1.1917213687E-03
    4      2.5032682807E-02   1.9510029993E+00  -2.1944532231E-02   1.1917213687E-03  -2.0415430139E+00
    5      4.0875240839E+00   1.9373453669E-03   4.3218348091E-01  -3.9000081165E+00   5.9832883910E-03
    6     -3.1496706166E-01   3.0821617307E+00  -1.5166152936E+00   7.0483446992E-03   1.4014191542E-01
    7      3.0566857688E+00  -3.8577133053E+00   2.6063589051E+00  -8.0645338610E-02   4.0137016079E-02
    8     -1.6522427950E+00   2.8669696427E+00   2.5726042595E-01   5.5303497035E-02  -6.3283574305E-02
    9     -1.0967336027E-01  -5.1350396772E+00  -2.5489918400E+00   1.3094088474E-02  -1.6635670561E-01
   10     -5.1576114143E+00  -6.0558529417E+00  -4.4402041319E+00   1.0244709694E-01   5.0402998608E-02
   11     -2.7259197466E+00  -4.7246672201E+00   7.7479281564E-01   6.9680758240E-02   7.9237212175E-02
                    5                  6                  7                  8                  9        
    0      4.0875240839E+00  -3.1496706166E-01   3.0566857688E+00  -1.6522427950E+00  -1.0967336027E-01
    1      1.9373453669E-03   3.0821617307E+00  -3.8577133053E+00   2.8669696427E+00  -5.1350396772E+00
    2      4.3218348091E-01  -1.5166152936E+00   2.6063589051E+00   2.5726042595E-01  -2.5489918400E+00
    3     -3.9000081165E+00   7.0483446992E-03  -8.0645338610E-02   5.5303497035E-02   1.3094088474E-02
    4      5.9832883910E-03   1.4014191542E-01   4.0137016079E-02  -6.3283574305E-02  -1.6635670561E-01
    5     -5.2454920309E-01  -8.2779375639E-02   1.5413730584E-02   4.2557455502E-02  -1.0468281977E-01
    6     -8.2779375639E-02   2.4466296841E-01  -3.1000217702E+00   1.5682437529E+00   6.3255748554E-02
    7      1.5413730584E-02  -3.1000217702E+00   3.8257357508E+00  -2.7116137965E+00   1.2407721594E-01
    8      4.2557455502E-02   1.5682437529E+00  -2.7116137965E+00  -3.4577964486E-01   2.8679671168E-02
    9     -1.0468281977E-01   6.3255748554E-02   1.2407721594E-01   2.8679671168E-02   3.3323523245E-02
   10     -2.3326758372E-02  -1.2237775176E-01  -8.1594615929E-03  -9.2111996303E-02   5.1774306180E+00
   11      4.9808266685E-02   3.1166790290E-02   8.9880885292E-02   4.5961763407E-02   2.6250335934E+00
                   10                 11        
     0     -5.1576114143E+00  -2.7259197466E+00
     1     -6.0558529417E+00  -4.7246672201E+00
     2     -4.4402041319E+00   7.7479281564E-01
     3      1.0244709694E-01   6.9680758240E-02
     4      5.0402998608E-02   7.9237212175E-02
     5     -2.3326758372E-02   4.9808266685E-02
     6     -1.2237775176E-01   3.1166790290E-02
     7     -8.1594615929E-03   8.9880885292E-02
     8     -9.2111996303E-02   4.5961763407E-02
     9      5.1774306180E+00   2.6250335934E+00
    10      6.0136094047E+00   4.5555960046E+00
    11      4.5555960046E+00  -8.7056284574E-01

$vibrational_frequencies
12
    0        0.0000000000000000
    1        0.0000000000000000
    2        0.0000000000000000
    3        0.0000000000000000
    4        0.0000000000000000
    5        0.0000000000000000
    6    -8438.3090098539814790
    7    -8062.7514080364799156
    8    -6793.1223817462996521
    9    13916.4881476101090811
   10    15480.4489459533961053
   11    17829.2660073607512459

$normal_modes
12 12
                    0                  1                  2                  3                  4        
    0      0.0000000000E+00   0.0000000000E+00   0.0000000000E+00   0.0000000000E+00   0.0000000000E+00
    1      0.0000000000E+00   0.0000000000E+00   0.0000000000E+00   0.0000000000E+00   0.0000000000E+00
    2      0.0000000000E+00   0.0000000000E+00   0.0000000000E+00   0.0000000000E+00   0.0000000000E+00
    3      0.0000000000E+00   0.0000000000E+00   0.0000000000E+00   0.0000000000E+00   0.0000000000E+00
    4      0.0000000000E+00   0.0000000000E+00   0.0000000000E+00   0.0000000000E+00   0.0000000000E+00
    5      0.0000000000E+00   0.0000000000E+00   0.0000000000E+00   0.0000000000E+00   0.0000000000E+00
    6      0.0000000000E+00   0.0000000000E+00   0.0000000000E+00   0.0000000000E+00   0.0000000000E+00
    7      0.0000000000E+00   0.0000000000E+00   0.0000000000E+00   0.0000000000E+00   0.0000000000E+00
    8      0.0000000000E+00   0.0000000000E+00   0.0000000000E+00   0.0000000000E+00   0.0000000000E+00
    9      0.0000000000E+00   0.0000000000E+00   0.0000000000E+00   0.0000000000E+00   0.0000000000E+00
   10      0.0000000000E+00   0.0000000000E+00   0.0000000000E+00   0.0000000000E+00   0.0000000000E+00
   11      0.0000000000E+00   0.0000000000E+00   0.0000000000E+00   0.0000000000E+00   0.0000000000E+00
                    5                  6                  7                  8                  9        
    0      0.0000000000E+00   8.8141618912E-03  -5.2774900214E-02   3.6140539030E-02   2.3938241166E-02
    1      0.0000000000E+00  -2.0008902939E-02   3.5693866952E-02   4.9734692641E-02  -5.0605590877E-02
    2      0.0000000000E+00  -1.0227896955E-01  -3.0950061374E-02  -2.2763329285E-02   3.3130642434E-02
    3      0.0000000000E+00   2.5295726503E-01  -5.3292813963E-02   1.5351666332E-01   1.4830865510E-01
    4      0.0000000000E+00   2.5376244332E-01  -3.7791027913E-01  -6.0541783485E-01  -9.5855000829E-03
    5      0.0000000000E+00   4.9583000767E-01  -5.6681178633E-02   2.6775100332E-01  -5.7034242957E-02
    6      0.0000000000E+00  -4.0658376835E-02   1.6732954916E-01  -6.2740387729E-01  -4.5230372406E-01
    7      0.0000000000E+00   1.7083817416E-01   3.2173329622E-01  -2.3039271157E-01   7.8479358622E-01
    8      0.0000000000E+00   3.5727675438E-01   3.4121658226E-01   2.0355334861E-01  -3.7859081388E-01
    9      0.0000000000E+00  -3.3477901281E-01   6.1931448235E-01  -2.8315692962E-02  -2.8646740582E-02
   10      0.0000000000E+00  -1.4656023706E-01  -4.3981904327E-01   1.4470554660E-01  -7.2001229578E-02
   11      0.0000000000E+00   5.6814475231E-01   1.4554149088E-01  -1.5498892208E-01  -2.4752828643E-02
                   10                 11        
     0     -6.5369420160E-02  -3.6910117922E-02
     1      1.3585028667E-02  -5.8829733144E-02
     2      2.5728712477E-02  -2.3916066946E-02
     3      9.0383524233E-01   8.3679505082E-02
     4      4.0805200431E-03  -6.2925449197E-03
     5     -3.8282385725E-01  -3.8387660171E-02
     6      6.1074458613E-02  -2.6584063102E-02
     7     -1.1954331294E-01   3.4479286101E-02
     8      5.9970788446E-02  -2.0460743019E-02
     9     -5.6547133308E-02   4.5580140497E-01
    10     -7.3312501288E-02   7.8930142563E-01
    11     -3.4668831664E-02   3.9118208347E-01

#
# The atoms: label  mass x y z (in bohrs)
#
$atoms
4
 N     14.00700     -0.000500385772    -0.006230870297     0.072491495930
 H      1.00800      0.942972532504    -0.006303926920    -0.338093804405
 H      1.00800     -0.498519541107     0.856242048116    -0.359746907978
 H      1.00800     -0.437499714112    -0.763354986029    -0.309489033143

$actual_temperature
  0.000000

$frequency_scale_factor
  1.000000

$dipole_derivatives
12
   -8.2331380865E-01   -8.9087077105E-03    2.0584244888E-03
   -8.4898312495E-03   -8.2749104827E-01    3.3174468674E-02
    3.8596210177E-03    2.9064428478E-02   -1.1150368776E+00
    2.3172942321E-01   -2.6630660569E-03    2.3017248523E-01
    7.3010859654E-03    3.1493455511E-01   -2.4071511800E-03
    2.7769223110E-01   -3.0270508199E-03    3.6899731359E-01
    2.8678789406E-01    4.0600784394E-02   -1.0858599520E-01
    3.5301269566E-02    2.4610304369E-01    1.8518996120E-01
   -1.3487083485E-01    2.2974355388E-01    3.5846090146E-01
    3.0481510124E-01   -2.9110580895E-02   -1.2360266888E-01
   -3.4089779066E-02    2.6631683675E-01   -2.1596862158E-01
   -1.4673541589E-01   -2.5580493943E-01    3.8743865115E-01

#
# The IR spectrum
#  wavenumber eps Int TX TY TZ
#
$ir_spectrum
12
      0.00   0.00000000   0.00000000     0.000000     0.000000     0.000000
      0.00   0.00000000   0.00000000     0.000000     0.000000     0.000000
      0.00   0.00000000   0.00000000     0.000000     0.000000     0.000000
      0.00   0.00000000   0.00000000     0.000000     0.000000     0.000000
      0.00   0.00000000   0.00000000     0.000000     0.000000     0.000000
      0.00   0.00000000   0.00000000     0.000000     0.000000     0.000000
  -8438.31   0.00000000   0.00000000     0.000000     0.000000     0.000000
  -8062.75   0.00000000   0.00000000     0.000000     0.000000     0.000000
  -6793.12   0.00000000   0.00000000     0.000000     0.000000     0.000000
  13916.49   0.00327419  16.54639965    -0.003463     0.007347     0.002729
  15480.45   0.00465564  23.52769332     0.009176    -0.001928     0.002437
  17829.27   0.00560731  28.33702853     0.005062     0.008159    -0.002437


$end

