*************************************************
******************* ORCA 6.0.1 ******************
*************************************************
$Calculation_Status
   &GeometryIndex 1
   &ListStatus       OUT
   &VERSION [&Type "String"] "6.0.1"
   &PROGNAME [&Type "String"] "LeanSCF"
   &STATUS [&Type "String"] "NORMAL TERMINATION"
$End
$Geometry
   &GeometryIndex 1
   &ListStatus       OUT
   &NATOMS [&Type "Integer"] 4
   &NCORELESSECP [&Type "Integer"] 0
   &NGHOSTATOMS [&Type "Integer"] 0
   &CartesianCoordinates [&Type "Coordinates", &Dim(4,4), &Units "Bohr"] 
              N     -0.000001485514   -0.000000351678    0.161296717170
              H      0.900698535621    0.000075293870   -0.340593269085
              H     -0.450377133145    0.779939491207   -0.340852969045
              H     -0.450306073962   -0.780002821977   -0.340838525112
$End
$SCF_Energy
   &GeometryIndex 1
   &ListStatus       OUT
   &SCF_ENERGY [&Type "Double"]      -5.4609955239399177e+01
$End
$DFT_Energy
   &GeometryIndex 1
   &ListStatus       OUT
   &NALPHAEL [&Type "Integer"] 5
   &NBETAEL [&Type "Integer"] 5
   &NTOTALEL [&Type "Integer"] 10
   &EEXCHANGE [&Type "Double"]      -6.8061316940076493e+00
   &ECORR [&Type "Double"]      -4.0792227836838696e-01
   &ECNL [&Type "Double"]       0.0000000000000000e+00
   &EXC [&Type "Double"]      -7.2140539723760364e+00
   &EEMBED [&Type "Double"]       0.0000000000000000e+00
   &FINALEN [&Type "Double"]      -5.4609955239399177e+01  "No Van der Waals correction"
$End
$Mulliken_Population_Analysis
   &GeometryIndex 1
   &ListStatus       OUT
   &NATOMS [&Type "Integer"] 4
   &ATNO [&Type "ArrayOfIntegers", &Dim (4,1)] 
                                                         0

0                                                        7
1                                                        1
2                                                        1
3                                                        1
   &ATOMICCHARGES [&Type "ArrayOfDoubles", &Dim (4,1)] 
                                                         0

0                                      7.7997357446473625e-01
1                                     -2.6000951120536064e-01
2                                     -2.5998018430591108e-01
3                                     -2.5998387895347408e-01
$End
$Loewdin_Population_Analysis
   &GeometryIndex 1
   &ListStatus       OUT
   &NATOMS [&Type "Integer"] 4
   &ATNO [&Type "ArrayOfIntegers", &Dim (4,1)] 
                                                         0

0                                                        7
1                                                        1
2                                                        1
3                                                        1
   &ATOMICCHARGES [&Type "ArrayOfDoubles", &Dim (4,1)] 
                                                         0

0                                      3.9670153392186869e-01
1                                     -1.3226657826129129e-01
2                                     -1.3222064603099160e-01
3                                     -1.3221430962960623e-01
$End
$Mayer_Population_Analysis
   &GeometryIndex 1
   &ListStatus       OUT
   &NATOMS [&Type "Integer"] 4 "Total number of atoms"
   &BONDTHRESH [&Type "Double"]       1.0000000000000001e-01  "The threshold for printing"
   &NBONDORDERSPRINT [&Type "Integer"] 6 "The number of bond orders larger than threshold"
   &BONDORDERS [&Type "ArrayOfDoubles", &Dim (6,1)] "The bond orders"
                                                         0

0                                      4.0501487340632514e-01
1                                      4.0497517968656127e-01
2                                      4.0498922004012927e-01
3                                      2.1127626645314979e-01
4                                      2.1127496690027417e-01
5                                      2.1138029747566403e-01
   &COMPONENTS [&Type "ArrayOfIntegers", &Dim (6,4)] "The indices and atomic numbers of the bonding atoms"
                                                         0                           1                           2                           3

0                                                        0                           7                           1                           1
1                                                        0                           7                           2                           1
2                                                        0                           7                           3                           1
3                                                        1                           1                           2                           1
4                                                        1                           1                           3                           1
5                                                        2                           1                           3                           1
   &ATNO [&Type "ArrayOfIntegers", &Dim (4,1)] "Atomic number of the elements"
                                                         0

0                                                        7
1                                                        1
2                                                        1
3                                                        1
   &NA [&Type "ArrayOfDoubles", &Dim (4,1)] "Mulliken gross atomic population"
                                                         0

0                                      6.2200264255352664e+00
1                                      1.2600095112053604e+00
2                                      1.2599801843059111e+00
3                                      1.2599838789534741e+00
   &ZA [&Type "ArrayOfDoubles", &Dim (4,1)] "Total nuclear charge"
                                                         0

0                                      7.0000000000000000e+00
1                                      1.0000000000000000e+00
2                                      1.0000000000000000e+00
3                                      1.0000000000000000e+00
   &QA [&Type "ArrayOfDoubles", &Dim (4,1)] "Mulliken gross atomic charge"
                                                         0

0                                      7.7997357446473359e-01
1                                     -2.6000951120536042e-01
2                                     -2.5998018430591108e-01
3                                     -2.5998387895347408e-01
   &VA [&Type "ArrayOfDoubles", &Dim (4,1)] "Mayer's total valence"
                                                         0

0                                      1.2149792731330091e+00
1                                      8.2756610675974140e-01
2                                      8.2763174361537528e-01
3                                      8.2764448441605787e-01
   &BVA [&Type "ArrayOfDoubles", &Dim (4,1)] "Mayer's bonded valence"
                                                         0

0                                      1.2149792731330158e+00
1                                      8.2756610675974906e-01
2                                      8.2763174361537506e-01
3                                      8.2764448441606753e-01
   &FA [&Type "ArrayOfDoubles", &Dim (4,1)] "Mayer's free valence"
                                                         0

0                                      0.0000000000000000e+00
1                                      0.0000000000000000e+00
2                                      0.0000000000000000e+00
3                                      0.0000000000000000e+00
$End
$SCF_Nuc_Gradient
   &GeometryIndex 1
   &ListStatus       OUT
   &NATOMS [&Type "Integer"] 4
   &ROOT [&Type "Integer"] 0
   &GRADNORM [&Type "Double"]       5.2718478258062396e+00
   &GRAD [&Type "ArrayOfDoubles", &Dim (12,1)] 
                                                         0

0                                      6.2381009247982201e-04
1                                      9.4676256785170113e-05
2                                     -3.2761820490668434e+00
3                                     -2.1202560338377316e+00
4                                     -1.6527152397444910e-04
5                                      1.0920463530985622e+00
6                                      1.0599292722247666e+00
7                                     -1.8356273328108790e+00
8                                      1.0921060950739534e+00
9                                      1.0597029514892087e+00
10                                     1.8356979280780445e+00
11                                     1.0920296010400641e+00
$End
$SCF_Dipole_Moment
   &GeometryIndex 1
   &ListStatus       OUT
   &METHOD [&Type "String"] "SCF"
   &LEVEL [&Type "String"] "Relaxed density"
   &MULT [&Type "Integer"] 1
   &STATE [&Type "Integer"] -1
   &IRREP [&Type "Integer"] 0
   &NATOMS [&Type "Integer"] 4
   &DODIPOLEATOM [&Type "Boolean"] false
   &DIPOLEELECCONTRIB [&Type "ArrayOfDoubles", &Dim (3,1)] "Electronic contribution"
                                                         0

0                                      9.5499218702359799e-05
1                                     -4.2346554185515584e-06
2                                     -2.2795219607341233e-01
   &DIPOLENUCCONTRIB [&Type "ArrayOfDoubles", &Dim (3,1)] "Nuclear contribution"
                                                         0

0                                      8.0750346383440252e-06
1                                      5.3131966288866295e-06
2                                     -6.1472736964602004e-01
   &DIPOLETOTAL [&Type "ArrayOfDoubles", &Dim (3,1)] "Total"
                                                         0

0                                      1.0357425334070382e-04
1                                      1.0785412103350711e-06
2                                     -8.4267956571943237e-01
   &DIPOLEMAGNITUDE [&Type "Double", &Units "a.u."]       8.4267957208530964e-01
$End
$SCF_Polarizability
   &GeometryIndex 1
   &ListStatus       OUT
   &METHOD [&Type "String"] "SCF"
   &LEVEL [&Type "String"] "Relaxed density"
   &MULT [&Type "Integer"] 1
   &STATE [&Type "Integer"] -1
   &IRREP [&Type "Integer"] 0
   &NATOMS [&Type "Integer"] 4
   &DODIPOLEATOM [&Type "Boolean"] false
   &RAWCARTESIAN [&Type "ArrayOfDoubles", &Units "a.u", &Dim (3,3)] 
                                                         0                           1                           2

0                                      3.6408914565405519e+00         7.2761307593691149e-06        -1.3918522996705582e-04
1                                      7.2761307593691149e-06         3.6420074103619240e+00         8.9300307184216055e-06
2                                     -1.3918522996705582e-04         8.9300307184216055e-06         3.5763306143340907e+00
   &DIAGONALIZEDTENSOR [&Type "ArrayOfDoubles", &Dim (3,1)] 
                                                         0

0                                      3.5763303130507911e+00
1                                      3.6408917094045741e+00
2                                      3.6420074587811997e+00
   &ORIENTATION [&Type "ArrayOfDoubles", &Dim (3,3)] 
                                                         0                           1                           2

0                                      2.1558771849563966e-03        -9.9997652194397169e-01        -6.5044411290405548e-03
1                                     -1.3620724260932646e-04         6.5041625438901907e-03        -9.9997883843468904e-01
2                                      9.9999766681785329e-01         2.1567175152114463e-03        -1.2218186909243183e-04
   &ISOTROPICPOLAR [&Type "Double"]       3.6197431604121881e+00
$End
$THERMOCHEMISTRY_Energies
   &GeometryIndex 1
   &ListStatus       OUT
   &TEMPERATURE [&Type "Double"]       2.9814999999999998e+02
   &PRESSURE [&Type "Double"]       1.0000000000000000e+00
   &TOTALMASS [&Type "Double"]       1.7030999999999999e+01
   &SPINDEGENERACY [&Type "Integer"] 1
   &ELENERGY [&Type "Double"]      -5.4609955239399177e+01
   &TRANSENERGY [&Type "Double"]       1.4162714244859817e-03
   &ROTENERGY [&Type "Double"]       1.4162714244859817e-03
   &VIBENERGY [&Type "Double"]       2.2393385681319109e-33
   &NUMOFFREQS [&Type "Integer"] 12
   &FREQSCALINGFACTOR [&Type "Double"]       1.0000000000000000e+00
   &FREQ [&Type "ArrayOfDoubles", &Dim (12,1)] "In cm^-1"
                                                         0

0                                      0.0000000000000000e+00
1                                      0.0000000000000000e+00
2                                      0.0000000000000000e+00
3                                      0.0000000000000000e+00
4                                      0.0000000000000000e+00
5                                      0.0000000000000000e+00
6                                     -7.5655164940145905e+03
7                                     -6.9536273117777091e+03
8                                     -6.9511551514042885e+03
9                                      1.5054000358444875e+04
10                                     1.5590047800888082e+04
11                                     1.5591481700524142e+04
   &ZPE [&Type "Double"]       1.0533228746123895e-01
   &INNERENERGYU [&Type "Double"]      -5.4501790409088962e+01
   &ENTHALPYH [&Type "Double"]      -5.4500846200046702e+01
   &QEL [&Type "Double"]       0.0000000000000000e+00
   &QROT [&Type "Double"]       3.6763245321154601e-03
   &QVIB [&Type "Double"]      -5.4493022913227808e-12
   &QTRANS [&Type "Double"]       1.6364250539629886e-02
   &ENTROPYS [&Type "Double"]       2.0040575066296046e-02
   &FREEENERGYG [&Type "Double"]      -5.4520886775112999e+01
   &ISLINEAR [&Type "Boolean"] false
$End
$Hessian
   &GeometryIndex 1
   &ListStatus       OUT
   &HESSIAN [&Type "ArrayOfDoubles", &Dim (12,12)] "The Hessian"
                                                         0                           1                           2                           3                           4                           5                           6                           7

0                                      6.0934281199925771e+00         2.1385564965714643e-04        -5.1157323777140107e-04        -5.9880936864571233e+00        -6.6935057332039938e-04         4.6886322410115158e+00        -5.2992320120319347e-02         3.4247616267850223e+00
1                                      2.1385564965714643e-04         6.0894765584635540e+00        -3.7311791300886910e-04        -6.4861801948528362e-04         1.9253978983387838e+00         3.8035114996775671e-04         3.4251622563697803e+00        -4.0070714467660036e+00
2                                     -5.1157323777140107e-04        -3.7311791300886910e-04         1.2370421804033453e+00         4.2406016235089554e+00         3.6036408524238748e-04        -4.1120964401872778e-01        -2.1203264043843197e+00         3.6727267086755644e+00
3                                     -5.9880936864571233e+00        -6.4861801948528362e-04         4.2406016235089554e+00         6.0519085064937501e+00         6.5349995021815599e-04        -4.4461809499097873e+00        -3.1926441541764272e-02        -7.0189110353117021e-02
4                                     -6.6935057332039938e-04         1.9253978983387838e+00         3.6036408524238748e-04         6.5349995021815599e-04        -1.9959397452463821e+00        -3.7495989659742587e-04         1.8633308966373865e-01         3.5275454603116388e-02
5                                      4.6886322410115158e+00         3.8035114996775671e-04        -4.1120964401872778e-01        -4.4461809499097873e+00        -3.7495989659742587e-04         3.0957916126844681e-01        -1.2125522485033413e-01         4.8668774170051665e-02
6                                     -5.2992320120319347e-02         3.4251622563697803e+00        -2.1203264043843197e+00        -3.1926441541764272e-02         1.8633308966373865e-01        -1.2125522485033413e-01         1.6045985463734910e-02        -3.4830434893078550e+00
7                                      3.4247616267850223e+00        -4.0070714467660036e+00         3.6727267086755644e+00        -7.0189110353117021e-02         3.5275454603116388e-02         4.8668774170051665e-02        -3.4830434893078550e+00         4.0377643784265969e+00
8                                     -2.3443179716028690e+00         4.0602695564105264e+00        -4.1300584266943408e-01         1.0282499572001697e-01        -8.0498237217434349e-02         5.0818165604139529e-02         2.2232601596115780e+00        -3.8505822736706152e+00
9                                     -5.2342113415134173e-02        -3.4247275602986389e+00        -2.1198173210933917e+00        -3.1888378494862757e-02        -1.8631721195360862e-01        -1.2124274355981451e-01         6.8872776198348709e-02         1.2848045611783182e-01
10                                    -3.4243060655626723e+00        -4.0078030100363344e+00        -3.6727136858098888e+00         7.0184201335356355e-02         3.5266392304481808e-02        -4.8674160773342190e-02        -1.2846133996754525e-01        -6.5968386263709489e-02
11                                    -2.3437490209643479e+00        -4.0602770586853945e+00        -4.1282669371518338e-01         1.0280100798923530e-01         8.0512828378709586e-02         5.0812317146141428e-02         1.8270627862210828e-02         1.2936171129172530e-01
                                                         8                           9                          10                          11

0                                     -2.3443179716028690e+00        -5.2342113415134173e-02        -3.4243060655626723e+00        -2.3437490209643479e+00
1                                      4.0602695564105264e+00        -3.4247275602986389e+00        -4.0078030100363344e+00        -4.0602770586853945e+00
2                                     -4.1300584266943408e-01        -2.1198173210933917e+00        -3.6727136858098888e+00        -4.1282669371518338e-01
3                                      1.0282499572001697e-01        -3.1888378494862757e-02         7.0184201335356355e-02         1.0280100798923530e-01
4                                     -8.0498237217434349e-02        -1.8631721195360862e-01         3.5266392304481808e-02         8.0512828378709586e-02
5                                      5.0818165604139529e-02        -1.2124274355981451e-01        -4.8674160773342190e-02         5.0812317146141428e-02
6                                      2.2232601596115780e+00         6.8872776198348709e-02        -1.2846133996754525e-01         1.8270627862210828e-02
7                                     -3.8505822736706152e+00         1.2848045611783182e-01        -6.5968386263709489e-02         1.2936171129172530e-01
8                                      3.1138214929547070e-01         1.8283658032138474e-02        -1.2936396598920308e-01         5.0805527769823833e-02
9                                      1.8283658032138474e-02         1.5357715711648220e-02         3.4825737601646387e+00         2.2227268958669848e+00
10                                    -1.2936396598920308e-01         3.4825737601646387e+00         4.0385050039955619e+00         3.8505771657936965e+00
11                                     5.0805527769823833e-02         2.2227268958669848e+00         3.8505771657936965e+00         3.1120884879921812e-01
   &MODES [&Type "ArrayOfDoubles", &Dim (12,12)] "The modes of vibrations"
                                                         0                           1                           2                           3                           4                           5                           6                           7

0                                      0.0000000000000000e+00         0.0000000000000000e+00         0.0000000000000000e+00         0.0000000000000000e+00         0.0000000000000000e+00         0.0000000000000000e+00         3.2533314362873720e-05         8.8975889494211693e-05
1                                      0.0000000000000000e+00         0.0000000000000000e+00         0.0000000000000000e+00         0.0000000000000000e+00         0.0000000000000000e+00         0.0000000000000000e+00        -1.1669825707030620e-06        -5.5569599941057604e-02
2                                      0.0000000000000000e+00         0.0000000000000000e+00         0.0000000000000000e+00         0.0000000000000000e+00         0.0000000000000000e+00         0.0000000000000000e+00        -9.7639326390407233e-02         1.0642761642774851e-06
3                                      0.0000000000000000e+00         0.0000000000000000e+00         0.0000000000000000e+00         0.0000000000000000e+00         0.0000000000000000e+00         0.0000000000000000e+00         2.8639881369026743e-01         2.4582779625930735e-04
4                                      0.0000000000000000e+00         0.0000000000000000e+00         0.0000000000000000e+00         0.0000000000000000e+00         0.0000000000000000e+00         0.0000000000000000e+00         2.8513007348276646e-05         7.1452134388669597e-01
5                                      0.0000000000000000e+00         0.0000000000000000e+00         0.0000000000000000e+00         0.0000000000000000e+00         0.0000000000000000e+00         0.0000000000000000e+00         4.5247485731008252e-01         4.3734808969046171e-04
6                                      0.0000000000000000e+00         0.0000000000000000e+00         0.0000000000000000e+00         0.0000000000000000e+00         0.0000000000000000e+00         0.0000000000000000e+00        -1.4343636644828758e-01         3.9517141648931370e-01
7                                      0.0000000000000000e+00         0.0000000000000000e+00         0.0000000000000000e+00         0.0000000000000000e+00         0.0000000000000000e+00         0.0000000000000000e+00         2.4778932708745455e-01         2.8241205247208075e-02
8                                      0.0000000000000000e+00         0.0000000000000000e+00         0.0000000000000000e+00         0.0000000000000000e+00         0.0000000000000000e+00         0.0000000000000000e+00         4.5214117577521823e-01        -2.4867562003721458e-01
9                                      0.0000000000000000e+00         0.0000000000000000e+00         0.0000000000000000e+00         0.0000000000000000e+00         0.0000000000000000e+00         0.0000000000000000e+00        -1.4341452475614752e-01        -3.9665363841666967e-01
10                                     0.0000000000000000e+00         0.0000000000000000e+00         0.0000000000000000e+00         0.0000000000000000e+00         0.0000000000000000e+00         0.0000000000000000e+00        -2.4780162389949736e-01         2.9423350047042673e-02
11                                     0.0000000000000000e+00         0.0000000000000000e+00         0.0000000000000000e+00         0.0000000000000000e+00         0.0000000000000000e+00         0.0000000000000000e+00         4.5216377321473367e-01         2.4822348294332472e-01
                                                         8                           9                          10                          11

0                                     -5.5566086449360751e-02         1.0487189688290580e-04         2.9925521995631918e-03         7.2748952021542385e-02
1                                     -8.8297841287528138e-05         1.5300682076543299e-05         7.2743821332443226e-02        -2.9905290653810162e-03
2                                     -5.2318545201915897e-05         5.6062195303000113e-02        -1.6292746608322027e-05        -7.7219137226688773e-05
3                                     -1.9959117291264922e-01         4.9766410801738475e-01        -2.8377468931845846e-02        -6.8636689965922504e-01
4                                      1.0764633708013048e-03         4.2798418660748009e-05         1.1614566316915294e-02        -5.3542688574626277e-04
5                                     -2.8677596551178464e-01        -2.5903853677573224e-01         1.5539619629358983e-02         3.7595378170409177e-01
6                                      4.8645336308796389e-01        -2.4951609511407666e-01         2.9527495419007516e-01        -1.7471766396548513e-01
7                                      3.9606931521297101e-01         4.3222715608111151e-01        -4.9889497746360495e-01         3.2226773418698612e-01
8                                      1.4337271299647714e-01        -2.5992962519588780e-01         3.1773028730689012e-01        -2.0084577373247789e-01
9                                      4.8527488611059438e-01        -2.4960529530374342e-01        -3.0848149186465967e-01        -1.4982274884130611e-01
10                                    -3.9591880649754779e-01        -4.3248257022779418e-01        -5.2355560611871954e-01        -2.8017641383021602e-01
11                                     1.4413026229967582e-01        -2.6006276025965258e-01        -3.3304350564483765e-01        -1.7403498371056800e-01
$End
