
$orca_hessian_file

$act_atom
  0

$act_coord
  0

$act_energy
        0.000000

$multiplicity
  1

$hessian
12
                    0                  1                  2                  3                  4        
    0      6.0934281200E+00   2.1385564966E-04  -5.1157323777E-04  -5.9880936865E+00  -6.6935057332E-04
    1      2.1385564966E-04   6.0894765585E+00  -3.7311791301E-04  -6.4861801949E-04   1.9253978983E+00
    2     -5.1157323777E-04  -3.7311791301E-04   1.2370421804E+00   4.2406016235E+00   3.6036408524E-04
    3     -5.9880936865E+00  -6.4861801949E-04   4.2406016235E+00   6.0519085065E+00   6.5349995022E-04
    4     -6.6935057332E-04   1.9253978983E+00   3.6036408524E-04   6.5349995022E-04  -1.9959397452E+00
    5      4.6886322410E+00   3.8035114997E-04  -4.1120964402E-01  -4.4461809499E+00  -3.7495989660E-04
    6     -5.2992320120E-02   3.4251622564E+00  -2.1203264044E+00  -3.1926441542E-02   1.8633308966E-01
    7      3.4247616268E+00  -4.0070714468E+00   3.6727267087E+00  -7.0189110353E-02   3.5275454603E-02
    8     -2.3443179716E+00   4.0602695564E+00  -4.1300584267E-01   1.0282499572E-01  -8.0498237217E-02
    9     -5.2342113415E-02  -3.4247275603E+00  -2.1198173211E+00  -3.1888378495E-02  -1.8631721195E-01
   10     -3.4243060656E+00  -4.0078030100E+00  -3.6727136858E+00   7.0184201335E-02   3.5266392304E-02
   11     -2.3437490210E+00  -4.0602770587E+00  -4.1282669372E-01   1.0280100799E-01   8.0512828379E-02
                    5                  6                  7                  8                  9        
    0      4.6886322410E+00  -5.2992320120E-02   3.4247616268E+00  -2.3443179716E+00  -5.2342113415E-02
    1      3.8035114997E-04   3.4251622564E+00  -4.0070714468E+00   4.0602695564E+00  -3.4247275603E+00
    2     -4.1120964402E-01  -2.1203264044E+00   3.6727267087E+00  -4.1300584267E-01  -2.1198173211E+00
    3     -4.4461809499E+00  -3.1926441542E-02  -7.0189110353E-02   1.0282499572E-01  -3.1888378495E-02
    4     -3.7495989660E-04   1.8633308966E-01   3.5275454603E-02  -8.0498237217E-02  -1.8631721195E-01
    5      3.0957916127E-01  -1.2125522485E-01   4.8668774170E-02   5.0818165604E-02  -1.2124274356E-01
    6     -1.2125522485E-01   1.6045985464E-02  -3.4830434893E+00   2.2232601596E+00   6.8872776198E-02
    7      4.8668774170E-02  -3.4830434893E+00   4.0377643784E+00  -3.8505822737E+00   1.2848045612E-01
    8      5.0818165604E-02   2.2232601596E+00  -3.8505822737E+00   3.1138214930E-01   1.8283658032E-02
    9     -1.2124274356E-01   6.8872776198E-02   1.2848045612E-01   1.8283658032E-02   1.5357715712E-02
   10     -4.8674160773E-02  -1.2846133997E-01  -6.5968386264E-02  -1.2936396599E-01   3.4825737602E+00
   11      5.0812317146E-02   1.8270627862E-02   1.2936171129E-01   5.0805527770E-02   2.2227268959E+00
                   10                 11        
     0     -3.4243060656E+00  -2.3437490210E+00
     1     -4.0078030100E+00  -4.0602770587E+00
     2     -3.6727136858E+00  -4.1282669372E-01
     3      7.0184201335E-02   1.0280100799E-01
     4      3.5266392304E-02   8.0512828379E-02
     5     -4.8674160773E-02   5.0812317146E-02
     6     -1.2846133997E-01   1.8270627862E-02
     7     -6.5968386264E-02   1.2936171129E-01
     8     -1.2936396599E-01   5.0805527770E-02
     9      3.4825737602E+00   2.2227268959E+00
    10      4.0385050040E+00   3.8505771658E+00
    11      3.8505771658E+00   3.1120884880E-01

$vibrational_frequencies
12
    0        0.0000000000000000
    1        0.0000000000000000
    2        0.0000000000000000
    3        0.0000000000000000
    4        0.0000000000000000
    5        0.0000000000000000
    6    -7565.5164940145905348
    7    -6953.6273117777091102
    8    -6951.1551514042885174
    9    15054.0003584448750189
   10    15590.0478008880818379
   11    15591.4817005241420702

$normal_modes
12 12
                    0                  1                  2                  3                  4        
    0      0.0000000000E+00   0.0000000000E+00   0.0000000000E+00   0.0000000000E+00   0.0000000000E+00
    1      0.0000000000E+00   0.0000000000E+00   0.0000000000E+00   0.0000000000E+00   0.0000000000E+00
    2      0.0000000000E+00   0.0000000000E+00   0.0000000000E+00   0.0000000000E+00   0.0000000000E+00
    3      0.0000000000E+00   0.0000000000E+00   0.0000000000E+00   0.0000000000E+00   0.0000000000E+00
    4      0.0000000000E+00   0.0000000000E+00   0.0000000000E+00   0.0000000000E+00   0.0000000000E+00
    5      0.0000000000E+00   0.0000000000E+00   0.0000000000E+00   0.0000000000E+00   0.0000000000E+00
    6      0.0000000000E+00   0.0000000000E+00   0.0000000000E+00   0.0000000000E+00   0.0000000000E+00
    7      0.0000000000E+00   0.0000000000E+00   0.0000000000E+00   0.0000000000E+00   0.0000000000E+00
    8      0.0000000000E+00   0.0000000000E+00   0.0000000000E+00   0.0000000000E+00   0.0000000000E+00
    9      0.0000000000E+00   0.0000000000E+00   0.0000000000E+00   0.0000000000E+00   0.0000000000E+00
   10      0.0000000000E+00   0.0000000000E+00   0.0000000000E+00   0.0000000000E+00   0.0000000000E+00
   11      0.0000000000E+00   0.0000000000E+00   0.0000000000E+00   0.0000000000E+00   0.0000000000E+00
                    5                  6                  7                  8                  9        
    0      0.0000000000E+00   3.4896990522E-05   9.1179840798E-05  -5.6942320429E-02   1.0750963661E-04
    1      0.0000000000E+00  -1.2517685489E-06  -5.6946070499E-02  -9.0484759555E-05   1.5685525092E-05
    2      0.0000000000E+00  -1.0473321622E-01   1.0906385064E-06  -5.3614345649E-05   5.7472272591E-02
    3      0.0000000000E+00   3.0720683959E-01   2.5191700194E-04  -2.0453455064E-01   5.1018136411E-01
    4      0.0000000000E+00   3.0584592031E-05   7.3222018630E-01   1.1031246954E-03   4.3874885213E-05
    5      0.0000000000E+00   4.8534897585E-01   4.4818129291E-04  -2.9387869406E-01  -2.6555387845E-01
    6      0.0000000000E+00  -1.5385759547E-01   4.0495989473E-01   4.9850160493E-01  -2.5579192817E-01
    7      0.0000000000E+00   2.6579221848E-01   2.8940745780E-02   4.0587896863E-01   4.4309854085E-01
    8      0.0000000000E+00   4.8499105101E-01  -2.5483536691E-01   1.4692369907E-01  -2.6646737954E-01
    9      0.0000000000E+00  -1.5383416689E-01  -4.0647883161E-01   4.9729394001E-01  -2.5588337193E-01
   10      0.0000000000E+00  -2.6580540870E-01   3.0152172552E-02  -4.0572473219E-01  -4.4336037917E-01
   11      0.0000000000E+00   4.8501529024E-01   2.5437203028E-01   1.4770001099E-01  -2.6660386322E-01
                   10                 11        
     0      3.1136835940E-03   7.5694047586E-02
     1      7.5688318179E-02  -3.1115946428E-03
     2     -1.6952238234E-05  -8.0345199283E-05
     3     -2.9526121371E-02  -7.1415308840E-01
     4      1.2084696333E-02  -5.5710257044E-04
     5      1.6168626467E-02   3.9117351730E-01
     6      3.0722698194E-01  -1.8179075853E-01
     7     -5.1908905939E-01   3.3531409772E-01
     8      3.3059125353E-01  -2.0897661247E-01
     9     -3.2096808885E-01  -1.5588802265E-01
    10     -5.4474789163E-01  -2.9151879459E-01
    11     -3.4652431452E-01  -1.8108044133E-01

#
# The atoms: label  mass x y z (in bohrs)
#
$atoms
4
 N     14.00700     -0.000001171002    -0.000000770494     0.089144754511
 H      1.00800      0.900698850133     0.000074875054    -0.412745231744
 H      1.00800     -0.450376818634     0.779939072392    -0.413004931704
 H      1.00800     -0.450305759451    -0.780003240793    -0.412990487772

$actual_temperature
  0.000000

$frequency_scale_factor
  1.000000

$dipole_derivatives
12
   -8.8353367440E-01    7.7119493249E-06   -1.8523003929E-06
    7.7082641601E-06   -8.8416155800E-01   -7.0855813186E-06
   -5.8627489167E-04   -6.3206742235E-06   -7.7736901999E-01
    2.7414861476E-01   -5.1427285286E-06    2.1571539372E-01
   -3.7982582346E-06    3.1589767016E-01    1.9134368522E-05
    2.9552806076E-01    1.8156058467E-05    2.5896820182E-01
    3.0466811191E-01    1.8296249657E-02   -1.0784433887E-01
    1.7697260461E-02    2.8416816184E-01    1.8681745457E-01
   -1.4753343510E-01    2.5571106951E-01    2.5915380613E-01
    3.0467257424E-01   -1.8298809388E-02   -1.0782686881E-01
   -1.7701142241E-02    2.8416141823E-01   -1.8682952497E-01
   -1.4749746108E-01   -2.5572293111E-01    2.5916471946E-01

#
# The IR spectrum
#  wavenumber eps Int TX TY TZ
#
$ir_spectrum
12
      0.00   0.00000000   0.00000000     0.000000     0.000000     0.000000
      0.00   0.00000000   0.00000000     0.000000     0.000000     0.000000
      0.00   0.00000000   0.00000000     0.000000     0.000000     0.000000
      0.00   0.00000000   0.00000000     0.000000     0.000000     0.000000
      0.00   0.00000000   0.00000000     0.000000     0.000000     0.000000
      0.00   0.00000000   0.00000000     0.000000     0.000000     0.000000
  -7565.52   0.00000000   0.00000000     0.000000     0.000000     0.000000
  -6953.63   0.00000000   0.00000000     0.000000     0.000000     0.000000
  -6951.16   0.00000000   0.00000000     0.000000     0.000000     0.000000
  15054.00   0.00115271   5.82533457    -0.000019    -0.000002     0.004888
  15590.05   0.00583236  29.47437230    -0.000446    -0.010796    -0.000002
  15591.48   0.00586725  29.65067106    -0.010828     0.000444    -0.000015


$end

