
$orca_hessian_file

$act_atom
  0

$act_coord
  0

$act_energy
        0.000000

$multiplicity
  1

$hessian
9
                    0                  1                  2                  3                  4        
    0      9.1630095131E+00   8.0344710023E-06   4.7415318658E-06  -4.5814940691E+00  -7.2928751380E+00
    1      8.0344710023E-06   8.1575547945E+00  -1.0055867985E-06  -6.8440152390E+00  -4.0787917454E+00
    2      4.7415318658E-06  -1.0055867985E-06  -5.8463166313E+00  -1.8445881685E-06  -1.7814609772E-06
    3     -4.5814940691E+00  -6.8440152390E+00  -1.8445881685E-06   4.7789201118E+00   7.0684466640E+00
    4     -7.2928751380E+00  -4.0787917454E+00  -1.7814609772E-06   7.0684466640E+00   3.9930409777E+00
    5     -1.8532848986E-06  -1.6850789181E-06   2.9231601072E+00   1.9557880606E-06   1.7225061797E-06
    6     -4.5815154440E+00   6.8440072076E+00  -2.8924148759E-06  -1.9742604266E-01   2.2443964905E-01
    7      7.2928671004E+00  -4.0787630491E+00   2.8142656537E-06  -2.2444260016E-01   8.5750767647E-02
    8     -2.8927757886E-06   2.6634478388E-06   2.9231565241E+00  -9.3339843784E-08   7.8794330224E-08
                    5                  6                  7                  8        
     0     -1.8532848986E-06  -4.5815154440E+00   7.2928671004E+00  -2.8927757886E-06
     1     -1.6850789181E-06   6.8440072076E+00  -4.0787630491E+00   2.6634478388E-06
     2      2.9231601072E+00  -2.8924148759E-06   2.8142656537E-06   2.9231565241E+00
     3      1.9557880606E-06  -1.9742604266E-01  -2.2444260016E-01  -9.3339843784E-08
     4      1.7225061797E-06   2.2443964905E-01   8.5750767647E-02   7.8794330224E-08
     5     -3.0511443391E+00  -1.2036321035E-07  -5.7266794261E-08   1.2798423188E-01
     6     -1.2036321035E-07   4.7789414867E+00  -7.0684356785E+00   2.9994468593E-06
     7     -5.7266794261E-08  -7.0684356785E+00   3.9930122815E+00  -2.7496205142E-06
     8      1.2798423188E-01   2.9994468593E-06  -2.7496205142E-06  -3.0511407559E+00

$vibrational_frequencies
9
    0        0.0000000000000000
    1        0.0000000000000000
    2        0.0000000000000000
    3        0.0000000000000000
    4        0.0000000000000000
    5        0.0000000000000000
    6    -8063.5578968681811602
    7    17772.5781550348365272
    8    17954.0641046437558543

$normal_modes
9 9
                    0                  1                  2                  3                  4        
    0      0.0000000000E+00   0.0000000000E+00   0.0000000000E+00   0.0000000000E+00   0.0000000000E+00
    1      0.0000000000E+00   0.0000000000E+00   0.0000000000E+00   0.0000000000E+00   0.0000000000E+00
    2      0.0000000000E+00   0.0000000000E+00   0.0000000000E+00   0.0000000000E+00   0.0000000000E+00
    3      0.0000000000E+00   0.0000000000E+00   0.0000000000E+00   0.0000000000E+00   0.0000000000E+00
    4      0.0000000000E+00   0.0000000000E+00   0.0000000000E+00   0.0000000000E+00   0.0000000000E+00
    5      0.0000000000E+00   0.0000000000E+00   0.0000000000E+00   0.0000000000E+00   0.0000000000E+00
    6      0.0000000000E+00   0.0000000000E+00   0.0000000000E+00   0.0000000000E+00   0.0000000000E+00
    7      0.0000000000E+00   0.0000000000E+00   0.0000000000E+00   0.0000000000E+00   0.0000000000E+00
    8      0.0000000000E+00   0.0000000000E+00   0.0000000000E+00   0.0000000000E+00   0.0000000000E+00
                    5                  6                  7                  8        
     0      0.0000000000E+00   5.8629282271E-08   1.8331811314E-06   6.3769812580E-02
     1      0.0000000000E+00  -6.1839664604E-02  -6.0140037924E-02   1.7422604056E-06
     2      0.0000000000E+00   4.3798544634E-09   4.2600395492E-09   2.0203050787E-08
     3      0.0000000000E+00  -5.0719100312E-01   5.1998830878E-01  -5.0609218666E-01
     4      0.0000000000E+00   4.9075995673E-01   4.7725879557E-01  -4.9179809976E-01
     5      0.0000000000E+00  -1.9544365355E-07   1.3093743978E-07  -1.2550519647E-07
     6      0.0000000000E+00   5.0719007255E-01  -5.2001740508E-01  -5.0606379693E-01
     7      0.0000000000E+00   4.9076067223E-01   4.7728531827E-01   4.9177044656E-01
     8      0.0000000000E+00   1.2592649853E-07  -1.9855288794E-07  -1.9515810778E-07

#
# The atoms: label  mass x y z (in bohrs)
#
$atoms
3
 O     15.99900      0.000000077579    -0.075988909998     0.000000005382
 H      1.00800      0.698773434595     0.603049435123     0.000000178670
 H      1.00800     -0.698774665929     0.603048353633    -0.000000264093

$actual_temperature
  0.000000

$frequency_scale_factor
  1.000000

$dipole_derivatives
9
   -6.7535937332E-01   -2.0259355909E-07    1.1976246710E-07
   -2.5814051897E-07   -3.5156490054E-01   -4.8837369381E-08
    1.1909351148E-07   -4.6933743231E-08   -1.0546254861E+00
    3.3775516962E-01   -1.2740976254E-01   -5.1259908724E-08
   -1.8403737787E-01    1.7572915192E-01   -3.3862556645E-08
   -4.7330121445E-08   -1.5015912558E-08    5.2741249767E-01
    3.3775460735E-01    1.2740997418E-01   -6.8550513915E-08
    1.8403763492E-01    1.7572974702E-01    8.2658287498E-08
   -7.1970563806E-08    6.1873817806E-08    5.2741241276E-01

#
# The IR spectrum
#  wavenumber eps Int TX TY TZ
#
$ir_spectrum
9
      0.00   0.00000000   0.00000000     0.000000     0.000000     0.000000
      0.00   0.00000000   0.00000000     0.000000     0.000000     0.000000
      0.00   0.00000000   0.00000000     0.000000     0.000000     0.000000
      0.00   0.00000000   0.00000000     0.000000     0.000000     0.000000
      0.00   0.00000000   0.00000000     0.000000     0.000000     0.000000
      0.00   0.00000000   0.00000000     0.000000     0.000000     0.000000
  -8063.56   0.00000000   0.00000000     0.000000     0.000000     0.000000
  17772.58   0.00057723   2.91709610    -0.000000     0.003184    -0.000000
  17954.06   0.00750388  37.92152675    -0.011420    -0.000000    -0.000000


$end

