*************************************************
******************* ORCA 6.0.1 ******************
*************************************************
$Calculation_Status
   &GeometryIndex 1
   &ListStatus       OUT
   &VERSION [&Type "String"] "6.0.1"
   &PROGNAME [&Type "String"] "LeanSCF"
   &STATUS [&Type "String"] "NORMAL TERMINATION"
$End
$Geometry
   &GeometryIndex 1
   &ListStatus       OUT
   &NATOMS [&Type "Integer"] 3
   &NCORELESSECP [&Type "Integer"] 0
   &NGHOSTATOMS [&Type "Integer"] 0
   &CartesianCoordinates [&Type "Coordinates", &Dim(3,4), &Units "Bohr"] 
              O      0.000000037417   -0.016645208376   -0.000000000756
              H      0.698773394432    0.662393136745    0.000000172532
              H     -0.698774706091    0.662392055255   -0.000000270231
$End
$SCF_Energy
   &GeometryIndex 1
   &ListStatus       OUT
   &SCF_ENERGY [&Type "Double"]      -7.4901696107370668e+01
$End
$DFT_Energy
   &GeometryIndex 1
   &ListStatus       OUT
   &NALPHAEL [&Type "Integer"] 5
   &NBETAEL [&Type "Integer"] 5
   &NTOTALEL [&Type "Integer"] 10
   &EEXCHANGE [&Type "Double"]      -7.6522992439629878e+00
   &ECORR [&Type "Double"]      -4.2263548843226623e-01
   &ECNL [&Type "Double"]       0.0000000000000000e+00
   &EXC [&Type "Double"]      -8.0749347323952545e+00
   &EEMBED [&Type "Double"]       0.0000000000000000e+00
   &FINALEN [&Type "Double"]      -7.4901696107370668e+01  "No Van der Waals correction"
$End
$Mulliken_Population_Analysis
   &GeometryIndex 1
   &ListStatus       OUT
   &NATOMS [&Type "Integer"] 3
   &ATNO [&Type "ArrayOfIntegers", &Dim (3,1)] 
                                                         0

0                                                        8
1                                                        1
2                                                        1
   &ATOMICCHARGES [&Type "ArrayOfDoubles", &Dim (3,1)] 
                                                         0

0                                      3.3648328536769512e-01
1                                     -1.6824174445590367e-01
2                                     -1.6824154091177190e-01
$End
$Loewdin_Population_Analysis
   &GeometryIndex 1
   &ListStatus       OUT
   &NATOMS [&Type "Integer"] 3
   &ATNO [&Type "ArrayOfIntegers", &Dim (3,1)] 
                                                         0

0                                                        8
1                                                        1
2                                                        1
   &ATOMICCHARGES [&Type "ArrayOfDoubles", &Dim (3,1)] 
                                                         0

0                                      5.4266512777862808e-01
1                                     -2.7133269423101569e-01
2                                     -2.7133243354758152e-01
$End
$Mayer_Population_Analysis
   &GeometryIndex 1
   &ListStatus       OUT
   &NATOMS [&Type "Integer"] 3 "Total number of atoms"
   &BONDTHRESH [&Type "Double"]       1.0000000000000001e-01  "The threshold for printing"
   &NBONDORDERSPRINT [&Type "Integer"] 3 "The number of bond orders larger than threshold"
   &BONDORDERS [&Type "ArrayOfDoubles", &Dim (3,1)] "The bond orders"
                                                         0

0                                      9.5284016128272897e-01
1                                      9.5284020031385430e-01
2                                      1.2620776545631446e-01
   &COMPONENTS [&Type "ArrayOfIntegers", &Dim (3,4)] "The indices and atomic numbers of the bonding atoms"
                                                         0                           1                           2                           3

0                                                        0                           8                           1                           1
1                                                        0                           8                           2                           1
2                                                        1                           1                           2                           1
   &ATNO [&Type "ArrayOfIntegers", &Dim (3,1)] "Atomic number of the elements"
                                                         0

0                                                        8
1                                                        1
2                                                        1
   &NA [&Type "ArrayOfDoubles", &Dim (3,1)] "Mulliken gross atomic population"
                                                         0

0                                      7.6635167146323022e+00
1                                      1.1682417444559035e+00
2                                      1.1682415409117721e+00
   &ZA [&Type "ArrayOfDoubles", &Dim (3,1)] "Total nuclear charge"
                                                         0

0                                      8.0000000000000000e+00
1                                      1.0000000000000000e+00
2                                      1.0000000000000000e+00
   &QA [&Type "ArrayOfDoubles", &Dim (3,1)] "Mulliken gross atomic charge"
                                                         0

0                                      3.3648328536769778e-01
1                                     -1.6824174445590345e-01
2                                     -1.6824154091177212e-01
   &VA [&Type "ArrayOfDoubles", &Dim (3,1)] "Mayer's total valence"
                                                         0

0                                      1.9056803615966105e+00
1                                      1.0790479267390531e+00
2                                      1.0790479657701777e+00
   &BVA [&Type "ArrayOfDoubles", &Dim (3,1)] "Mayer's bonded valence"
                                                         0

0                                      1.9056803615965832e+00
1                                      1.0790479267390434e+00
2                                      1.0790479657701688e+00
   &FA [&Type "ArrayOfDoubles", &Dim (3,1)] "Mayer's free valence"
                                                         0

0                                      0.0000000000000000e+00
1                                      0.0000000000000000e+00
2                                      0.0000000000000000e+00
$End
$SCF_Nuc_Gradient
   &GeometryIndex 1
   &ListStatus       OUT
   &NATOMS [&Type "Integer"] 3
   &ROOT [&Type "Integer"] 0
   &GRADNORM [&Type "Double"]       5.7888412797865438e+00
   &GRAD [&Type "ArrayOfDoubles", &Dim (9,1)] 
                                                         0

0                                     -1.5306477902876470e-06
1                                      3.9696766155483987e+00
2                                     -3.2443385240325137e-07
3                                     -2.2218435939490968e+00
4                                     -1.9848412553022048e+00
5                                     -5.3072235411137238e-07
6                                      2.2218451245968831e+00
7                                     -1.9848353604539233e+00
8                                      8.5515620642920625e-07
$End
$SCF_Dipole_Moment
   &GeometryIndex 1
   &ListStatus       OUT
   &METHOD [&Type "String"] "SCF"
   &LEVEL [&Type "String"] "Relaxed density"
   &MULT [&Type "Integer"] 1
   &STATE [&Type "Integer"] -1
   &IRREP [&Type "Integer"] 0
   &NATOMS [&Type "Integer"] 3
   &DODIPOLEATOM [&Type "Boolean"] false
   &DIPOLEELECCONTRIB [&Type "ArrayOfDoubles", &Dim (3,1)] "Electronic contribution"
                                                         0

0                                     -5.6361087393073245e-08
1                                      1.1708884359327164e-01
2                                     -8.4500897366465232e-09
   &DIPOLENUCCONTRIB [&Type "ArrayOfDoubles", &Dim (3,1)] "Nuclear contribution"
                                                         0

0                                     -6.1070299006704687e-07
1                                      5.9818650876774204e-01
2                                     -4.2367164752276653e-08
   &DIPOLETOTAL [&Type "ArrayOfDoubles", &Dim (3,1)] "Total"
                                                         0

0                                     -6.6706407746012011e-07
1                                      7.1527535236101369e-01
2                                     -5.0817254488923173e-08
   &DIPOLEMAGNITUDE [&Type "Double", &Units "a.u."]       7.1527535236132644e-01
$End
$SCF_Polarizability
   &GeometryIndex 1
   &ListStatus       OUT
   &METHOD [&Type "String"] "SCF"
   &LEVEL [&Type "String"] "Relaxed density"
   &MULT [&Type "Integer"] 1
   &STATE [&Type "Integer"] -1
   &IRREP [&Type "Integer"] 0
   &NATOMS [&Type "Integer"] 3
   &DODIPOLEATOM [&Type "Boolean"] false
   &RAWCARTESIAN [&Type "ArrayOfDoubles", &Units "a.u", &Dim (3,3)] 
                                                         0                           1                           2

0                                      2.5341336053992074e+00        -5.6712573121819854e-08        -1.4571342372048215e-07
1                                     -5.6712573121819854e-08         2.3244984154991584e+00         5.4761017046822967e-08
2                                     -1.4571342372048215e-07         5.4761017046822967e-08         2.9908996536466339e+00
   &DIAGONALIZEDTENSOR [&Type "ArrayOfDoubles", &Dim (3,1)] 
                                                         0

0                                      2.3244984154991384e+00
1                                      2.5341336053991772e+00
2                                      2.9908996536466841e+00
   &ORIENTATION [&Type "ArrayOfDoubles", &Dim (3,3)] 
                                                         0                           1                           2

0                                      2.7052977876733293e-07        -9.9999999999991240e-01        -3.1901107566961849e-07
1                                      9.9999999999995992e-01         2.7052975259955758e-07         8.2174269800255369e-08
2                                     -8.2174183498260759e-08        -3.1901109790019274e-07         9.9999999999994582e-01
   &ISOTROPICPOLAR [&Type "Double"]       2.6165105581816666e+00
$End
$THERMOCHEMISTRY_Energies
   &GeometryIndex 1
   &ListStatus       OUT
   &TEMPERATURE [&Type "Double"]       2.9814999999999998e+02
   &PRESSURE [&Type "Double"]       1.0000000000000000e+00
   &TOTALMASS [&Type "Double"]       1.8015000000000001e+01
   &SPINDEGENERACY [&Type "Integer"] 1
   &ELENERGY [&Type "Double"]      -7.4901696107370668e+01
   &TRANSENERGY [&Type "Double"]       1.4162714244859817e-03
   &ROTENERGY [&Type "Double"]       1.4162714244859817e-03
   &VIBENERGY [&Type "Double"]       6.5263809599720384e-39
   &NUMOFFREQS [&Type "Integer"] 9
   &FREQSCALINGFACTOR [&Type "Double"]       1.0000000000000000e+00
   &FREQ [&Type "ArrayOfDoubles", &Dim (9,1)] "In cm^-1"
                                                         0

0                                      0.0000000000000000e+00
1                                      0.0000000000000000e+00
2                                      0.0000000000000000e+00
3                                      0.0000000000000000e+00
4                                      0.0000000000000000e+00
5                                      0.0000000000000000e+00
6                                     -8.0635578968681812e+03
7                                      1.7772578155034837e+04
8                                      1.7954064104643756e+04
   &ZPE [&Type "Double"]       8.1391279908064718e-02
   &INNERENERGYU [&Type "Double"]      -7.4817472284613629e+01
   &ENTHALPYH [&Type "Double"]      -7.4816528075571370e+01
   &QEL [&Type "Double"]       0.0000000000000000e+00
   &QROT [&Type "Double"]       3.2350868293563421e-03
   &QVIB [&Type "Double"]      -2.1466471364375632e-12
   &QTRANS [&Type "Double"]       1.6443801841798250e-02
   &ENTROPYS [&Type "Double"]       1.9678888669007945e-02
   &FREEENERGYG [&Type "Double"]      -7.4836206964240375e+01
   &ISLINEAR [&Type "Boolean"] false
$End
$Hessian
   &GeometryIndex 1
   &ListStatus       OUT
   &HESSIAN [&Type "ArrayOfDoubles", &Dim (9,9)] "The Hessian"
                                                         0                           1                           2                           3                           4                           5                           6                           7

0                                      9.1630095131271307e+00         8.0344710022828281e-06         4.7415318658182966e-06        -4.5814940690958030e+00        -7.2928751379710093e+00        -1.8532848986331641e-06        -4.5815154440313277e+00         7.2928671004438970e+00
1                                      8.0344710022828281e-06         8.1575547945223263e+00        -1.0055867985469558e-06        -6.8440152389915525e+00        -4.0787917453855593e+00        -1.6850789181438541e-06         6.8440072075766603e+00        -4.0787630491367670e+00
2                                      4.7415318658182966e-06        -1.0055867985469558e-06        -5.8463166312515602e+00        -1.8445881685115464e-06        -1.7814609772030135e-06         2.9231601071952675e+00        -2.8924148758585643e-06         2.8142656536750761e-06
3                                     -4.5814940690958030e+00        -6.8440152389915525e+00        -1.8445881685115464e-06         4.7789201117540330e+00         7.0684466640392660e+00         1.9557880606380888e-06        -1.9742604265822972e-01        -2.2444260016151144e-01
4                                     -7.2928751379710093e+00        -4.0787917453855593e+00        -1.7814609772030135e-06         7.0684466640392660e+00         3.9930409777387439e+00         1.7225061796917211e-06         2.2443964904554120e-01         8.5750767646815385e-02
5                                     -1.8532848986331641e-06        -1.6850789181438541e-06         2.9231601071952675e+00         1.9557880606380888e-06         1.7225061796917211e-06        -3.0511443390782613e+00        -1.2036321034779686e-07        -5.7266794260675686e-08
6                                     -4.5815154440313277e+00         6.8440072075766603e+00        -2.8924148758585643e-06        -1.9742604265822972e-01         2.2443964904554120e-01        -1.2036321034779686e-07         4.7789414866895576e+00        -7.0684356784522935e+00
7                                      7.2928671004438970e+00        -4.0787630491367670e+00         2.8142656536750761e-06        -2.2444260016151144e-01         8.5750767646815385e-02        -5.7266794260675686e-08        -7.0684356784522935e+00         3.9930122814899516e+00
8                                     -2.8927757886333192e-06         2.6634478387657028e-06         2.9231565240562927e+00        -9.3339843783670013e-08         7.8794330224101323e-08         1.2798423188299393e-01         2.9994468593116754e-06        -2.7496205142021025e-06
                                                         8

0                                     -2.8927757886333192e-06
1                                      2.6634478387657028e-06
2                                      2.9231565240562927e+00
3                                     -9.3339843783670013e-08
4                                      7.8794330224101323e-08
5                                      1.2798423188299393e-01
6                                      2.9994468593116754e-06
7                                     -2.7496205142021025e-06
8                                     -3.0511407559392865e+00
   &MODES [&Type "ArrayOfDoubles", &Dim (9,9)] "The modes of vibrations"
                                                         0                           1                           2                           3                           4                           5                           6                           7

0                                      0.0000000000000000e+00         0.0000000000000000e+00         0.0000000000000000e+00         0.0000000000000000e+00         0.0000000000000000e+00         0.0000000000000000e+00         5.6803220478388717e-08         1.7786814671383527e-06
1                                      0.0000000000000000e+00         0.0000000000000000e+00         0.0000000000000000e+00         0.0000000000000000e+00         0.0000000000000000e+00         0.0000000000000000e+00        -5.9913612562026465e-02        -5.8352101193509275e-02
2                                      0.0000000000000000e+00         0.0000000000000000e+00         0.0000000000000000e+00         0.0000000000000000e+00         0.0000000000000000e+00         0.0000000000000000e+00         4.2434399520189228e-09         4.1333904574435742e-09
3                                      0.0000000000000000e+00         0.0000000000000000e+00         0.0000000000000000e+00         0.0000000000000000e+00         0.0000000000000000e+00         0.0000000000000000e+00        -4.9139408259275469e-01         5.0452928632902927e-01
4                                      0.0000000000000000e+00         0.0000000000000000e+00         0.0000000000000000e+00         0.0000000000000000e+00         0.0000000000000000e+00         0.0000000000000000e+00         4.7547479594019360e-01         4.6307010264534837e-01
5                                      0.0000000000000000e+00         0.0000000000000000e+00         0.0000000000000000e+00         0.0000000000000000e+00         0.0000000000000000e+00         0.0000000000000000e+00        -1.8935638495760609e-07         1.2704472760648872e-07
6                                      0.0000000000000000e+00         0.0000000000000000e+00         0.0000000000000000e+00         0.0000000000000000e+00         0.0000000000000000e+00         0.0000000000000000e+00         4.9139318101068685e-01        -5.0455751760362522e-01
7                                      0.0000000000000000e+00         0.0000000000000000e+00         0.0000000000000000e+00         0.0000000000000000e+00         0.0000000000000000e+00         0.0000000000000000e+00         4.7547548915887483e-01         4.6309583683377264e-01
8                                      0.0000000000000000e+00         0.0000000000000000e+00         0.0000000000000000e+00         0.0000000000000000e+00         0.0000000000000000e+00         0.0000000000000000e+00         1.2200440432979677e-07        -1.9264999838899627e-07
                                                         8

0                                      6.1678522148570586e-02
1                                      1.6851240840362548e-06
2                                      1.9540504590462241e-08
3                                     -4.8949521539305857e-01
4                                     -4.7566989397444287e-01
5                                     -1.2138933339920450e-07
6                                     -4.8946775668529596e-01
7                                      4.7564314764485960e-01
8                                     -1.8875802179719300e-07
$End
