*************************************************
******************* ORCA 6.0.1 ******************
*************************************************
$Calculation_Status
   &GeometryIndex 1
   &ListStatus       OUT
   &VERSION [&Type "String"] "6.0.1"
   &PROGNAME [&Type "String"] "LeanSCF"
   &STATUS [&Type "String"] "NORMAL TERMINATION"
$End
$Geometry
   &GeometryIndex 1
   &ListStatus       OUT
   &NATOMS [&Type "Integer"] 3
   &NCORELESSECP [&Type "Integer"] 0
   &NGHOSTATOMS [&Type "Integer"] 0
   &CartesianCoordinates [&Type "Coordinates", &Dim(3,4), &Units "Bohr"] 
              O     -0.000000079368   -0.015388397823   -0.000000000189
              H      0.808786510052    0.622700919147    0.000000378890
              H     -0.808781314628    0.622696871165   -0.000000320309
$End
$SCF_Energy
   &GeometryIndex 1
   &ListStatus       OUT
   &SCF_ENERGY [&Type "Double"]      -7.5218671090908941e+01
$End
$DFT_Energy
   &GeometryIndex 1
   &ListStatus       OUT
   &NALPHAEL [&Type "Integer"] 5
   &NBETAEL [&Type "Integer"] 5
   &NTOTALEL [&Type "Integer"] 10
   &EEXCHANGE [&Type "Double"]      -7.5990343400804905e+00
   &ECORR [&Type "Double"]      -4.2097590324471840e-01
   &ECNL [&Type "Double"]       0.0000000000000000e+00
   &EXC [&Type "Double"]      -8.0200102433252081e+00
   &EEMBED [&Type "Double"]       0.0000000000000000e+00
   &FINALEN [&Type "Double"]      -7.5218671090908941e+01  "No Van der Waals correction"
$End
$Mulliken_Population_Analysis
   &GeometryIndex 1
   &ListStatus       OUT
   &NATOMS [&Type "Integer"] 3
   &ATNO [&Type "ArrayOfIntegers", &Dim (3,1)] 
                                                         0

0                                                        8
1                                                        1
2                                                        1
   &ATOMICCHARGES [&Type "ArrayOfDoubles", &Dim (3,1)] 
                                                         0

0                                      3.2538450444405775e-01
1                                     -1.6268934490119102e-01
2                                     -1.6269515954287583e-01
$End
$Loewdin_Population_Analysis
   &GeometryIndex 1
   &ListStatus       OUT
   &NATOMS [&Type "Integer"] 3
   &ATNO [&Type "ArrayOfIntegers", &Dim (3,1)] 
                                                         0

0                                                        8
1                                                        1
2                                                        1
   &ATOMICCHARGES [&Type "ArrayOfDoubles", &Dim (3,1)] 
                                                         0

0                                      4.8715737510113666e-01
1                                     -2.4357540109898856e-01
2                                     -2.4358197400216297e-01
$End
$Mayer_Population_Analysis
   &GeometryIndex 1
   &ListStatus       OUT
   &NATOMS [&Type "Integer"] 3 "Total number of atoms"
   &BONDTHRESH [&Type "Double"]       1.0000000000000001e-01  "The threshold for printing"
   &NBONDORDERSPRINT [&Type "Integer"] 3 "The number of bond orders larger than threshold"
   &BONDORDERS [&Type "ArrayOfDoubles", &Dim (3,1)] "The bond orders"
                                                         0

0                                      1.0133145468821312e+00
1                                      1.0133142840718907e+00
2                                      1.1876927260193657e-01
   &COMPONENTS [&Type "ArrayOfIntegers", &Dim (3,4)] "The indices and atomic numbers of the bonding atoms"
                                                         0                           1                           2                           3

0                                                        0                           8                           1                           1
1                                                        0                           8                           2                           1
2                                                        1                           1                           2                           1
   &ATNO [&Type "ArrayOfIntegers", &Dim (3,1)] "Atomic number of the elements"
                                                         0

0                                                        8
1                                                        1
2                                                        1
   &NA [&Type "ArrayOfDoubles", &Dim (3,1)] "Mulliken gross atomic population"
                                                         0

0                                      7.6746154955559414e+00
1                                      1.1626893449011908e+00
2                                      1.1626951595428761e+00
   &ZA [&Type "ArrayOfDoubles", &Dim (3,1)] "Total nuclear charge"
                                                         0

0                                      8.0000000000000000e+00
1                                      1.0000000000000000e+00
2                                      1.0000000000000000e+00
   &QA [&Type "ArrayOfDoubles", &Dim (3,1)] "Mulliken gross atomic charge"
                                                         0

0                                      3.2538450444405864e-01
1                                     -1.6268934490119080e-01
2                                     -1.6269515954287606e-01
   &VA [&Type "ArrayOfDoubles", &Dim (3,1)] "Mayer's total valence"
                                                         0

0                                      2.0266288309540106e+00
1                                      1.1320838194840619e+00
2                                      1.1320835566738172e+00
   &BVA [&Type "ArrayOfDoubles", &Dim (3,1)] "Mayer's bonded valence"
                                                         0

0                                      2.0266288309540217e+00
1                                      1.1320838194840677e+00
2                                      1.1320835566738272e+00
   &FA [&Type "ArrayOfDoubles", &Dim (3,1)] "Mayer's free valence"
                                                         0

0                                      0.0000000000000000e+00
1                                      0.0000000000000000e+00
2                                      0.0000000000000000e+00
$End
$SCF_Nuc_Gradient
   &GeometryIndex 1
   &ListStatus       OUT
   &NATOMS [&Type "Integer"] 3
   &ROOT [&Type "Integer"] 0
   &GRADNORM [&Type "Double"]       4.4442913176695811e+00
   &GRAD [&Type "ArrayOfDoubles", &Dim (9,1)] 
                                                         0

0                                     -4.9320022230104200e-05
1                                      2.8759270114477324e+00
2                                      1.2892944913841804e-07
3                                     -1.9163900978872017e+00
4                                     -1.4379440759976680e+00
5                                     -8.8913177251792321e-07
6                                      1.9164394179094599e+00
7                                     -1.4379829356465370e+00
8                                      7.6020233511973906e-07
$End
$SCF_Dipole_Moment
   &GeometryIndex 1
   &ListStatus       OUT
   &METHOD [&Type "String"] "SCF"
   &LEVEL [&Type "String"] "Relaxed density"
   &MULT [&Type "Integer"] 1
   &STATE [&Type "Integer"] -1
   &IRREP [&Type "Integer"] 0
   &NATOMS [&Type "Integer"] 3
   &DODIPOLEATOM [&Type "Boolean"] false
   &DIPOLEELECCONTRIB [&Type "ArrayOfDoubles", &Dim (3,1)] "Electronic contribution"
                                                         0

0                                     -1.3186341393930587e-06
1                                      1.0910941840369388e-01
2                                      3.2795223421664298e-09
   &DIPOLENUCCONTRIB [&Type "ArrayOfDoubles", &Dim (3,1)] "Nuclear contribution"
                                                         0

0                                      2.3583273789373749e-06
1                                      5.6211187008424213e-01
2                                      2.5969629244421830e-08
   &DIPOLETOTAL [&Type "ArrayOfDoubles", &Dim (3,1)] "Total"
                                                         0

0                                      1.0396932395443162e-06
1                                      6.7122128848793605e-01
2                                      2.9249151586588260e-08
   &DIPOLEMAGNITUDE [&Type "Double", &Units "a.u."]       6.7122128848874185e-01
$End
$SCF_Polarizability
   &GeometryIndex 1
   &ListStatus       OUT
   &METHOD [&Type "String"] "SCF"
   &LEVEL [&Type "String"] "Relaxed density"
   &MULT [&Type "Integer"] 1
   &STATE [&Type "Integer"] -1
   &IRREP [&Type "Integer"] 0
   &NATOMS [&Type "Integer"] 3
   &DODIPOLEATOM [&Type "Boolean"] false
   &RAWCARTESIAN [&Type "ArrayOfDoubles", &Units "a.u", &Dim (3,3)] 
                                                         0                           1                           2

0                                      2.6309074150229259e+00         6.7449766352170766e-06        -1.6870100992902018e-07
1                                      6.7449766352170766e-06         2.4394085417366762e+00         4.4177637734813854e-08
2                                     -1.6870100992902018e-07         4.4177637734813854e-08         3.0251979965027402e+00
   &DIAGONALIZEDTENSOR [&Type "ArrayOfDoubles", &Dim (3,1)] 
                                                         0

0                                      2.4394085414991009e+00
1                                      2.6309074152604253e+00
2                                      3.0251979965028162e+00
   &ORIENTATION [&Type "ArrayOfDoubles", &Dim (3,3)] 
                                                         0                           1                           2

0                                     -3.5222017340071784e-05        -9.9999999937961326e-01        -4.2785830859282420e-07
1                                      9.9999999937970196e-01        -3.5222017372271708e-05         7.5410630015780350e-08
2                                     -7.5425700001774667e-08        -4.2785565221290641e-07         9.9999999999990574e-01
   &ISOTROPICPOLAR [&Type "Double"]       2.6985046510874473e+00
$End
$THERMOCHEMISTRY_Energies
   &GeometryIndex 1
   &ListStatus       OUT
   &TEMPERATURE [&Type "Double"]       2.9814999999999998e+02
   &PRESSURE [&Type "Double"]       1.0000000000000000e+00
   &TOTALMASS [&Type "Double"]       1.8015000000000001e+01
   &SPINDEGENERACY [&Type "Integer"] 1
   &ELENERGY [&Type "Double"]      -7.5218671090908941e+01
   &TRANSENERGY [&Type "Double"]       1.4162714244859817e-03
   &ROTENERGY [&Type "Double"]       1.4162714244859817e-03
   &VIBENERGY [&Type "Double"]       4.0025025129404270e-35
   &NUMOFFREQS [&Type "Integer"] 9
   &FREQSCALINGFACTOR [&Type "Double"]       1.0000000000000000e+00
   &FREQ [&Type "ArrayOfDoubles", &Dim (9,1)] "In cm^-1"
                                                         0

0                                      0.0000000000000000e+00
1                                      0.0000000000000000e+00
2                                      0.0000000000000000e+00
3                                      0.0000000000000000e+00
4                                      0.0000000000000000e+00
5                                      0.0000000000000000e+00
6                                     -7.3461366922681991e+03
7                                      1.5905506598179601e+04
8                                      1.6254153067477633e+04
   &ZPE [&Type "Double"]       7.3265095627241719e-02
   &INNERENERGYU [&Type "Double"]      -7.5142573452432728e+01
   &ENTHALPYH [&Type "Double"]      -7.5141629243390469e+01
   &QEL [&Type "Double"]       0.0000000000000000e+00
   &QROT [&Type "Double"]       3.3726722012245762e-03
   &QVIB [&Type "Double"]      -3.1231380380722430e-12
   &QTRANS [&Type "Double"]       1.6443801841798250e-02
   &ENTROPYS [&Type "Double"]       1.9816474039899688e-02
   &FREEENERGYG [&Type "Double"]      -7.5161445717430368e+01
   &ISLINEAR [&Type "Boolean"] false
$End
$Hessian
   &GeometryIndex 1
   &ListStatus       OUT
   &HESSIAN [&Type "ArrayOfDoubles", &Dim (9,9)] "The Hessian"
                                                         0                           1                           2                           3                           4                           5                           6                           7

0                                      9.8549040431662807e+00        -1.5248410026647008e-04         6.1915534008037501e-06        -4.9273933913141246e+00        -5.6655909212618489e+00        -3.3602741254138017e-06        -4.9275106518521561e+00         5.6657434987164779e+00
1                                     -1.5248410026647008e-04         4.4841065904607929e+00         4.1956969587985023e-07        -5.3859721297609795e+00        -2.2420297245627614e+00        -2.5478232732416543e-06         5.3861245205068835e+00        -2.2420768658980315e+00
2                                      6.1915534008037501e-06         4.1956969587985023e-07        -4.5079400300972496e+00        -3.3368426799382435e-06        -2.6447586380439036e-06         2.2539320871654791e+00        -2.8397364487805720e-06         2.2277121243292335e-06
3                                     -4.9273933913141246e+00        -5.3859721297609795e+00        -3.3368426799382435e-06         4.9974439416617953e+00         5.5257822254037929e+00         3.4089241522172055e-06        -7.0050550347670520e-02        -1.4016369792693389e-01
4                                     -5.6655909212618489e+00        -2.2420297245627614e+00        -2.6447586380439036e-06         5.5257822254037929e+00         2.1712087984705630e+00         2.5956994129799701e-06         1.4016229814217745e-01         7.0820926092198366e-02
5                                     -3.3602741254138017e-06        -2.5478232732416543e-06         2.2539320871654791e+00         3.4089241522172055e-06         2.5956994129799701e-06        -2.3116770119329466e+00        -5.5915739356356623e-08        -5.5874037607420981e-08
6                                     -4.9275106518521561e+00         5.3861245205068835e+00        -2.8397364487805720e-06        -7.0050550347670520e-02         1.4016229814217745e-01        -5.5915739356356623e-08         4.9975612021998268e+00        -5.5259333097193029e+00
7                                      5.6657434987164779e+00        -2.2420768658980315e+00         2.2277121243292335e-06        -1.4016369792693389e-01         7.0820926092198366e-02        -5.5874037607420981e-08        -5.5259333097193029e+00         2.1712559398058331e+00
8                                     -2.8462535474748838e-06         2.1257303951966239e-06         2.2540079429317705e+00        -6.4815759726009186e-08         5.7057122933038924e-08         5.7744924767467690e-02         2.9033607476689108e-06        -2.1773128024257378e-06
                                                         8

0                                     -2.8462535474748838e-06
1                                      2.1257303951966239e-06
2                                      2.2540079429317705e+00
3                                     -6.4815759726009186e-08
4                                      5.7057122933038924e-08
5                                      5.7744924767467690e-02
6                                      2.9033607476689108e-06
7                                     -2.1773128024257378e-06
8                                     -2.3117528676992380e+00
   &MODES [&Type "ArrayOfDoubles", &Dim (9,9)] "The modes of vibrations"
                                                         0                           1                           2                           3                           4                           5                           6                           7

0                                      0.0000000000000000e+00         0.0000000000000000e+00         0.0000000000000000e+00         0.0000000000000000e+00         0.0000000000000000e+00         0.0000000000000000e+00        -1.9593773446318385e-07        -1.9806275116014768e-05
1                                      0.0000000000000000e+00         0.0000000000000000e+00         0.0000000000000000e+00         0.0000000000000000e+00         0.0000000000000000e+00         0.0000000000000000e+00        -6.5244358273582992e-02        -5.2323820203577211e-02
2                                      0.0000000000000000e+00         0.0000000000000000e+00         0.0000000000000000e+00         0.0000000000000000e+00         0.0000000000000000e+00         0.0000000000000000e+00        -3.0142653852605575e-09        -2.4258347181792262e-09
3                                      0.0000000000000000e+00         0.0000000000000000e+00         0.0000000000000000e+00         0.0000000000000000e+00         0.0000000000000000e+00         0.0000000000000000e+00        -4.4062684791161744e-01         5.4959173798722250e-01
4                                      0.0000000000000000e+00         0.0000000000000000e+00         0.0000000000000000e+00         0.0000000000000000e+00         0.0000000000000000e+00         0.0000000000000000e+00         5.1777841422814075e-01         4.1536646940760430e-01
5                                      0.0000000000000000e+00         0.0000000000000000e+00         0.0000000000000000e+00         0.0000000000000000e+00         0.0000000000000000e+00         0.0000000000000000e+00        -1.6654175922283548e-07         2.5675189553443312e-07
6                                      0.0000000000000000e+00         0.0000000000000000e+00         0.0000000000000000e+00         0.0000000000000000e+00         0.0000000000000000e+00         0.0000000000000000e+00         4.4062995784000403e-01        -5.4927737231700302e-01
7                                      0.0000000000000000e+00         0.0000000000000000e+00         0.0000000000000000e+00         0.0000000000000000e+00         0.0000000000000000e+00         0.0000000000000000e+00         5.1778159372727073e-01         4.1511845066881675e-01
8                                      0.0000000000000000e+00         0.0000000000000000e+00         0.0000000000000000e+00         0.0000000000000000e+00         0.0000000000000000e+00         0.0000000000000000e+00         2.1438425152729083e-07        -2.1824898963835240e-07
                                                         8

0                                      6.7116062977940552e-02
1                                     -1.5475831692166966e-05
2                                      2.9010402085481121e-08
3                                     -5.3247196875639502e-01
4                                     -4.2009685184981749e-01
5                                     -2.4957036035317077e-07
6                                     -5.3279578083097712e-01
7                                      4.2034248461890750e-01
8                                     -2.1088343124396587e-07
$End
