
$orca_hessian_file

$act_atom
  0

$act_coord
  0

$act_energy
        0.000000

$multiplicity
  1

$hessian
9
                    0                  1                  2                  3                  4        
    0      9.8549040432E+00  -1.5248410027E-04   6.1915534008E-06  -4.9273933913E+00  -5.6655909213E+00
    1     -1.5248410027E-04   4.4841065905E+00   4.1956969588E-07  -5.3859721298E+00  -2.2420297246E+00
    2      6.1915534008E-06   4.1956969588E-07  -4.5079400301E+00  -3.3368426799E-06  -2.6447586380E-06
    3     -4.9273933913E+00  -5.3859721298E+00  -3.3368426799E-06   4.9974439417E+00   5.5257822254E+00
    4     -5.6655909213E+00  -2.2420297246E+00  -2.6447586380E-06   5.5257822254E+00   2.1712087985E+00
    5     -3.3602741254E-06  -2.5478232732E-06   2.2539320872E+00   3.4089241522E-06   2.5956994130E-06
    6     -4.9275106519E+00   5.3861245205E+00  -2.8397364488E-06  -7.0050550348E-02   1.4016229814E-01
    7      5.6657434987E+00  -2.2420768659E+00   2.2277121243E-06  -1.4016369793E-01   7.0820926092E-02
    8     -2.8462535475E-06   2.1257303952E-06   2.2540079429E+00  -6.4815759726E-08   5.7057122933E-08
                    5                  6                  7                  8        
     0     -3.3602741254E-06  -4.9275106519E+00   5.6657434987E+00  -2.8462535475E-06
     1     -2.5478232732E-06   5.3861245205E+00  -2.2420768659E+00   2.1257303952E-06
     2      2.2539320872E+00  -2.8397364488E-06   2.2277121243E-06   2.2540079429E+00
     3      3.4089241522E-06  -7.0050550348E-02  -1.4016369793E-01  -6.4815759726E-08
     4      2.5956994130E-06   1.4016229814E-01   7.0820926092E-02   5.7057122933E-08
     5     -2.3116770119E+00  -5.5915739356E-08  -5.5874037607E-08   5.7744924767E-02
     6     -5.5915739356E-08   4.9975612022E+00  -5.5259333097E+00   2.9033607477E-06
     7     -5.5874037607E-08  -5.5259333097E+00   2.1712559398E+00  -2.1773128024E-06
     8      5.7744924767E-02   2.9033607477E-06  -2.1773128024E-06  -2.3117528677E+00

$vibrational_frequencies
9
    0        0.0000000000000000
    1        0.0000000000000000
    2        0.0000000000000000
    3        0.0000000000000000
    4        0.0000000000000000
    5        0.0000000000000000
    6    -7346.1366922681991127
    7    15905.5065981796014967
    8    16254.1530674776331580

$normal_modes
9 9
                    0                  1                  2                  3                  4        
    0      0.0000000000E+00   0.0000000000E+00   0.0000000000E+00   0.0000000000E+00   0.0000000000E+00
    1      0.0000000000E+00   0.0000000000E+00   0.0000000000E+00   0.0000000000E+00   0.0000000000E+00
    2      0.0000000000E+00   0.0000000000E+00   0.0000000000E+00   0.0000000000E+00   0.0000000000E+00
    3      0.0000000000E+00   0.0000000000E+00   0.0000000000E+00   0.0000000000E+00   0.0000000000E+00
    4      0.0000000000E+00   0.0000000000E+00   0.0000000000E+00   0.0000000000E+00   0.0000000000E+00
    5      0.0000000000E+00   0.0000000000E+00   0.0000000000E+00   0.0000000000E+00   0.0000000000E+00
    6      0.0000000000E+00   0.0000000000E+00   0.0000000000E+00   0.0000000000E+00   0.0000000000E+00
    7      0.0000000000E+00   0.0000000000E+00   0.0000000000E+00   0.0000000000E+00   0.0000000000E+00
    8      0.0000000000E+00   0.0000000000E+00   0.0000000000E+00   0.0000000000E+00   0.0000000000E+00
                    5                  6                  7                  8        
     0      0.0000000000E+00  -2.0331400542E-07  -2.0306417091E-05   6.9781263323E-02
     1      0.0000000000E+00  -6.7700547054E-02  -5.3645085237E-02  -1.6090381922E-05
     2      0.0000000000E+00  -3.1277404047E-09  -2.4870911513E-09   3.0162414439E-08
     3      0.0000000000E+00  -4.5721468399E-01   5.6346985972E-01  -5.5361660108E-01
     4      0.0000000000E+00   5.3727069779E-01   4.2585517589E-01  -4.3677903231E-01
     5      0.0000000000E+00  -1.7281138945E-07   2.6323531552E-07  -2.5948087925E-07
     6      0.0000000000E+00   4.5721791100E-01  -5.6314755578E-01  -5.5395327184E-01
     7      0.0000000000E+00   5.3727399698E-01   4.2560089426E-01   4.3703441923E-01
     8      0.0000000000E+00   2.2245495997E-07  -2.2376014608E-07  -2.1925767980E-07

#
# The atoms: label  mass x y z (in bohrs)
#
$atoms
3
 O     15.99900     -0.000000299583    -0.071406271587    -0.000000003299
 H      1.00800      0.808786289837     0.566683045382     0.000000375780
 H      1.00800     -0.808781534843     0.566678997400    -0.000000323419

$actual_temperature
  0.000000

$frequency_scale_factor
  1.000000

$dipole_derivatives
9
   -6.3541285425E-01   -2.1829257305E-06    1.7523192657E-07
   -7.3321050910E-07   -4.3039399497E-01    1.8299879035E-08
    1.8425162931E-07    6.2927915150E-08   -1.0529929603E+00
    3.1782906305E-01   -1.2687549143E-01   -8.5900854036E-08
   -1.6430593054E-01    2.1509608280E-01   -7.5759036539E-08
   -1.1828312983E-07   -8.3288739733E-08    5.2652704307E-01
    3.1782860927E-01    1.2687771308E-01   -8.9890819464E-08
    1.6430667512E-01    2.1509511448E-01    5.7824297183E-08
   -6.6599991605E-08    2.0446817783E-08    5.2652926924E-01

#
# The IR spectrum
#  wavenumber eps Int TX TY TZ
#
$ir_spectrum
9
      0.00   0.00000000   0.00000000     0.000000     0.000000     0.000000
      0.00   0.00000000   0.00000000     0.000000     0.000000     0.000000
      0.00   0.00000000   0.00000000     0.000000     0.000000     0.000000
      0.00   0.00000000   0.00000000     0.000000     0.000000     0.000000
      0.00   0.00000000   0.00000000     0.000000     0.000000     0.000000
      0.00   0.00000000   0.00000000     0.000000     0.000000     0.000000
  -7346.14   0.00000000   0.00000000     0.000000     0.000000     0.000000
  15905.51   0.00073516   3.71520522     0.000004     0.003798     0.000000
  16254.15   0.01140322  57.62718472    -0.014796     0.000001    -0.000000


$end

