
$orca_hessian_file

$act_atom
  0

$act_coord
  0

$act_energy
        0.000000

$multiplicity
  1

$hessian
12
                    0                  1                  2                  3                  4        
    0      6.9739762073E+00  -1.6419409069E+00  -1.9655173976E-01  -6.7532584443E+00   9.6827925540E-01
    1     -1.6419409069E+00   7.8945626686E+00   1.0384412471E+00   8.6449699967E-01   1.8799068479E+00
    2     -1.9655173976E-01   1.0384412471E+00  -1.3687432026E+00   3.8180007463E+00  -4.3215919756E-01
    3     -6.7532584443E+00   8.6449699967E-01   3.8180007463E+00   6.7693642448E+00  -8.6748829368E-01
    4      9.6827925540E-01   1.8799068479E+00  -4.3215919756E-01  -8.6748829368E-01  -1.9610583402E+00
    5      4.1335890011E+00  -3.9630727256E-01   3.9647013477E-01  -3.9463112036E+00   4.3295122080E-01
    6     -5.5702055609E-01   4.1665541847E+00  -1.8890570899E+00   3.4402512868E-02   1.0925164763E-01
    7      4.1325076150E+00  -4.6786895483E+00   3.0294932618E+00  -8.3734013900E-02   5.7329173510E-02
    8     -2.0156633688E+00   3.2660092708E+00   7.4023933253E-01   3.7450421682E-02  -6.4298132142E-02
    9      3.3630279307E-01  -3.3891597421E+00  -1.7323624863E+00  -5.0508313333E-02  -2.1013620073E-01
   10     -3.4587964989E+00  -5.0957799682E+00  -3.6358237691E+00   8.6818899287E-02   2.3822318740E-02
   11     -1.9214033229E+00  -3.9080947875E+00   2.3203373527E-01   9.0859369164E-02   6.3530944962E-02
                    5                  6                  7                  8                  9        
    0      4.1335890011E+00  -5.5702055609E-01   4.1325076150E+00  -2.0156633688E+00   3.3630279307E-01
    1     -3.9630727256E-01   4.1665541847E+00  -4.6786895483E+00   3.2660092708E+00  -3.3891597421E+00
    2      3.9647013477E-01  -1.8890570899E+00   3.0294932618E+00   7.4023933253E-01  -1.7323624863E+00
    3     -3.9463112036E+00   3.4402512868E-02  -8.3734013900E-02   3.7450421682E-02  -5.0508313333E-02
    4      4.3295122080E-01   1.0925164763E-01   5.7329173510E-02  -6.4298132142E-02  -2.1013620073E-01
    5     -4.9417735321E-01  -8.3842785478E-02   5.4719961150E-03   3.2980525307E-02  -1.0343434549E-01
    6     -8.3842785478E-02   4.5856252206E-01  -4.1591459411E+00   1.9445952417E+00   6.4055521159E-02
    7      5.4719961150E-03  -4.1591459411E+00   4.6158128915E+00  -3.1244377454E+00   1.1053037191E-01
    8      3.2980525307E-02   1.9445952417E+00  -3.1244377454E+00  -8.1523618634E-01   3.3564435472E-02
    9     -1.0343434549E-01   6.4055521159E-02   1.1053037191E-01   3.3564435472E-02  -3.4985000090E-01
   10     -4.2140780416E-02  -1.1681792307E-01   5.5474832881E-03  -7.7275903031E-02   3.4887805468E+00
   11      6.4726693138E-02   2.8357903653E-02   8.9474997149E-02   4.2016328506E-02   1.8022092232E+00
                   10                 11        
     0     -3.4587964989E+00  -1.9214033229E+00
     1     -5.0957799682E+00  -3.9080947875E+00
     2     -3.6358237691E+00   2.3203373527E-01
     3      8.6818899287E-02   9.0859369164E-02
     4      2.3822318740E-02   6.3530944962E-02
     5     -4.2140780416E-02   6.4726693138E-02
     6     -1.1681792307E-01   2.8357903653E-02
     7      5.5474832881E-03   8.9474997149E-02
     8     -7.7275903031E-02   4.2016328506E-02
     9      3.4887805468E+00   1.8022092232E+00
    10      5.0664101662E+00   3.7551646490E+00
    11      3.7551646490E+00  -3.3877675692E-01

$vibrational_frequencies
12
    0        0.0000000000000000
    1        0.0000000000000000
    2        0.0000000000000000
    3        0.0000000000000000
    4        0.0000000000000000
    5        0.0000000000000000
    6    -8067.8372088246551357
    7    -7399.0155689519006046
    8    -7051.3904054227114102
    9    15094.1872358147138584
   10    15726.0278891482103063
   11    15869.5563776056151255

$normal_modes
12 12
                    0                  1                  2                  3                  4        
    0      0.0000000000E+00   0.0000000000E+00   0.0000000000E+00   0.0000000000E+00   0.0000000000E+00
    1      0.0000000000E+00   0.0000000000E+00   0.0000000000E+00   0.0000000000E+00   0.0000000000E+00
    2      0.0000000000E+00   0.0000000000E+00   0.0000000000E+00   0.0000000000E+00   0.0000000000E+00
    3      0.0000000000E+00   0.0000000000E+00   0.0000000000E+00   0.0000000000E+00   0.0000000000E+00
    4      0.0000000000E+00   0.0000000000E+00   0.0000000000E+00   0.0000000000E+00   0.0000000000E+00
    5      0.0000000000E+00   0.0000000000E+00   0.0000000000E+00   0.0000000000E+00   0.0000000000E+00
    6      0.0000000000E+00   0.0000000000E+00   0.0000000000E+00   0.0000000000E+00   0.0000000000E+00
    7      0.0000000000E+00   0.0000000000E+00   0.0000000000E+00   0.0000000000E+00   0.0000000000E+00
    8      0.0000000000E+00   0.0000000000E+00   0.0000000000E+00   0.0000000000E+00   0.0000000000E+00
    9      0.0000000000E+00   0.0000000000E+00   0.0000000000E+00   0.0000000000E+00   0.0000000000E+00
   10      0.0000000000E+00   0.0000000000E+00   0.0000000000E+00   0.0000000000E+00   0.0000000000E+00
   11      0.0000000000E+00   0.0000000000E+00   0.0000000000E+00   0.0000000000E+00   0.0000000000E+00
                    5                  6                  7                  8                  9        
    0      0.0000000000E+00  -1.8880862627E-03  -5.5087798969E-02   3.4220856404E-02  -2.8219667132E-03
    1      0.0000000000E+00   8.5318760898E-03  -3.8372228379E-02  -4.9627326281E-02  -3.9801651569E-03
    2      0.0000000000E+00  -1.0968087846E-01  -4.6261609867E-03  -1.1566662096E-02   4.6871600234E-02
    3      0.0000000000E+00   2.4127644230E-01  -8.3470483893E-02   1.7827262983E-01   5.4888944985E-01
    4      0.0000000000E+00  -1.0056010455E-01   4.4144408237E-01   6.0502103208E-01  -5.4121659062E-02
    5      0.0000000000E+00   4.9138018160E-01  -2.0258455623E-01   1.9166802891E-01  -2.3230647251E-01
    6      0.0000000000E+00  -1.6058733027E-01   6.2917035135E-01   9.8111053244E-03  -3.1381343319E-01
    7      0.0000000000E+00   2.1949448499E-01   3.8771441518E-01  -1.3164283224E-01   5.0670280765E-01
    8      0.0000000000E+00   5.9224646181E-01   1.3127043399E-03  -1.8372883124E-01  -2.2370425838E-01
    9      0.0000000000E+00  -5.4452580006E-02   2.1979100572E-01  -6.6361105226E-01  -1.9586243754E-01
   10      0.0000000000E+00  -2.3749190861E-01  -2.9594440737E-01   2.1623485495E-01  -3.9727343693E-01
   11      0.0000000000E+00   4.4048056346E-01   2.6555621394E-01   1.5278921105E-01  -1.9530921402E-01
                   10                 11        
     0      6.8484444023E-02   3.7436335037E-02
     1      2.9781247247E-02  -7.4977220859E-02
     2      4.2599251446E-03  -6.6350023232E-03
     3     -6.3019191561E-01  -3.5897838851E-01
     4      7.2162176668E-02   2.5882052728E-02
     5      2.7782816941E-01   1.5410989480E-01
     6     -4.8621430568E-02  -3.7428512460E-01
     7      9.6424957284E-02   6.0167271788E-01
     8     -4.0531055204E-02  -2.7445261522E-01
     9     -2.7283507389E-01   2.1305444083E-01
    10     -5.8242238215E-01   4.1431619424E-01
    11     -2.9649232402E-01   2.1254160687E-01

#
# The atoms: label  mass x y z (in bohrs)
#
$atoms
4
 N     14.00700     -0.001670373636     0.007428918075     0.072488773214
 H      1.00800      0.932075491737    -0.093934655712    -0.343494336503
 H      1.00800     -0.505940502082     0.819097834580    -0.302079690603
 H      1.00800     -0.402923756000    -0.828394186289    -0.361717884019

$actual_temperature
  0.000000

$frequency_scale_factor
  1.000000

$dipole_derivatives
12
   -8.3360599537E-01   -3.6023234636E-02   -3.5525849723E-03
   -3.5910115576E-02   -8.2211659692E-01    3.5694301626E-02
   -5.1966940584E-03    3.5688336567E-02   -1.1176631848E+00
    2.3353728541E-01    1.6930760454E-02    2.2794394190E-01
    1.5552184127E-02    3.1781844511E-01   -2.7804004919E-02
    2.8028899504E-01   -3.0962267532E-03    3.6696648732E-01
    3.0317687747E-01    4.8549333617E-02   -1.2597215751E-01
    4.6257134110E-02    2.6203080561E-01    1.9586221942E-01
   -1.2999298914E-01    2.1992551801E-01    4.0311520579E-01
    2.9687916451E-01   -2.9312192273E-02   -9.8376963329E-02
   -2.5861117962E-02    2.4207623385E-01   -2.0373031439E-01
   -1.4511495762E-01   -2.5249333415E-01    3.4745844154E-01

#
# The IR spectrum
#  wavenumber eps Int TX TY TZ
#
$ir_spectrum
12
      0.00   0.00000000   0.00000000     0.000000     0.000000     0.000000
      0.00   0.00000000   0.00000000     0.000000     0.000000     0.000000
      0.00   0.00000000   0.00000000     0.000000     0.000000     0.000000
      0.00   0.00000000   0.00000000     0.000000     0.000000     0.000000
      0.00   0.00000000   0.00000000     0.000000     0.000000     0.000000
      0.00   0.00000000   0.00000000     0.000000     0.000000     0.000000
  -8067.84   0.00000000   0.00000000     0.000000     0.000000     0.000000
  -7399.02   0.00000000   0.00000000     0.000000     0.000000     0.000000
  -7051.39   0.00000000   0.00000000     0.000000     0.000000     0.000000
  15094.19   0.00102432   5.17650319     0.000144     0.001556     0.004329
  15726.03   0.00488364  24.67992894    -0.009182    -0.003543     0.000209
  15869.56   0.00741142  37.45427553    -0.005696     0.010644     0.000085


$end

