
$orca_hessian_file

$act_atom
  0

$act_coord
  0

$act_energy
        0.000000

$multiplicity
  1

$hessian
9
                    0                  1                  2                  3                  4        
    0      1.2299537235E+01   1.7524581031E-07   8.8187623996E-09  -6.1497686593E+00  -7.3240001042E+00
    1      1.7524581031E-07   5.5290960602E+00  -1.6610466354E-08  -6.9636547422E+00  -2.7645480915E+00
    2      8.8187623996E-09  -1.6610466354E-08  -6.1407592854E+00   8.9866220306E-09   8.1958186273E-09
    3     -6.1497686593E+00  -6.9636547422E+00   8.9866220306E-09   6.2125153209E+00   7.1438274113E+00
    4     -7.3240001042E+00  -2.7645480915E+00   8.1958186273E-09   7.1438274113E+00   2.6840616991E+00
    5     -2.4438406469E-09   4.0803011376E-09   3.0703796749E+00  -1.2866767757E-08  -2.0544988253E-09
    6     -6.1497685756E+00   6.9636545433E+00  -2.2232434665E-08  -6.2746661646E-02   1.8036067608E-01
    7      7.3239999525E+00  -2.7645479687E+00   1.7817227746E-08  -1.8036065225E-01   8.0486392413E-02
    8     -1.9478715175E-09   3.1275851977E-09   3.0703796105E+00   4.7778137886E-09  -4.5229506302E-09
                    5                  6                  7                  8        
     0     -2.4438406469E-09  -6.1497685756E+00   7.3239999525E+00  -1.9478715175E-09
     1      4.0803011376E-09   6.9636545433E+00  -2.7645479687E+00   3.1275851977E-09
     2      3.0703796749E+00  -2.2232434665E-08   1.7817227746E-08   3.0703796105E+00
     3     -1.2866767757E-08  -6.2746661646E-02  -1.8036065225E-01   4.7778137886E-09
     4     -2.0544988253E-09   1.8036067608E-01   8.0486392413E-02  -4.5229506302E-09
     5     -3.1418690893E+00   1.4412940342E-08  -3.6441714841E-09   7.1489414403E-02
     6      1.4412940342E-08   6.2125152373E+00  -7.1438272599E+00   2.4947760263E-09
     7     -3.6441714841E-09  -7.1438272599E+00   2.6840615763E+00  -6.3888454149E-09
     8      7.1489414403E-02   2.4947760263E-09  -6.3888454149E-09  -3.1418690249E+00

$vibrational_frequencies
9
    0        0.0000000000000000
    1        0.0000000000000000
    2        0.0000000000000000
    3        0.0000000000000000
    4        0.0000000000000000
    5        0.0000000000000000
    6    -8662.2617613476741099
    7    17920.2545977419104020
    8    18339.1137706303925370

$normal_modes
9 9
                    0                  1                  2                  3                  4        
    0      0.0000000000E+00   0.0000000000E+00   0.0000000000E+00   0.0000000000E+00   0.0000000000E+00
    1      0.0000000000E+00   0.0000000000E+00   0.0000000000E+00   0.0000000000E+00   0.0000000000E+00
    2      0.0000000000E+00   0.0000000000E+00   0.0000000000E+00   0.0000000000E+00   0.0000000000E+00
    3      0.0000000000E+00   0.0000000000E+00   0.0000000000E+00   0.0000000000E+00   0.0000000000E+00
    4      0.0000000000E+00   0.0000000000E+00   0.0000000000E+00   0.0000000000E+00   0.0000000000E+00
    5      0.0000000000E+00   0.0000000000E+00   0.0000000000E+00   0.0000000000E+00   0.0000000000E+00
    6      0.0000000000E+00   0.0000000000E+00   0.0000000000E+00   0.0000000000E+00   0.0000000000E+00
    7      0.0000000000E+00   0.0000000000E+00   0.0000000000E+00   0.0000000000E+00   0.0000000000E+00
    8      0.0000000000E+00   0.0000000000E+00   0.0000000000E+00   0.0000000000E+00   0.0000000000E+00
                    5                  6                  7                  8        
     0      0.0000000000E+00  -3.1358963188E-10   1.5661806016E-08  -6.9600811340E-02
     1      0.0000000000E+00   6.7464805809E-02  -5.3927643704E-02  -1.2621932047E-08
     2      0.0000000000E+00   9.2508033631E-18  -5.7066147604E-17  -1.2567494228E-17
     3      0.0000000000E+00   4.5942299015E-01   5.6159334268E-01   5.5235299543E-01
     4      0.0000000000E+00  -5.3540150203E-01   4.2797032469E-01   4.3873028312E-01
     5      0.0000000000E+00  -8.0708258335E-18  -5.0424304031E-17   1.7597222569E-18
     6      0.0000000000E+00  -4.5942298517E-01  -5.6159359127E-01   5.5235273932E-01
     7      0.0000000000E+00  -5.3540150207E-01   4.2797052017E-01  -4.3873008278E-01
     8      0.0000000000E+00  -3.8291566845E-17  -2.3728939260E-17   3.3142657761E-18

#
# The atoms: label  mass x y z (in bohrs)
#
$atoms
3
 O     15.99900      0.000000000264    -0.067300209799     0.000000000000
 H      1.00800      0.757145342535     0.534095265684     0.000000000000
 H      1.00800     -0.757145346730     0.534095266628     0.000000000000

$actual_temperature
  0.000000

$frequency_scale_factor
  1.000000

$dipole_derivatives
9
   -6.4764399216E-01    2.4495798301E-09    1.4811154441E-09
    2.4373311295E-09   -4.2393494776E-01    1.3682887219E-10
   -4.3518344101E-10   -6.2028584118E-09   -1.1147608670E+00
    3.2394820741E-01   -1.4482533504E-01   -2.6730930419E-09
   -1.8515634863E-01    2.1197277006E-01   -1.0094833190E-10
    4.1160541221E-09    3.4576465465E-09    5.5741708018E-01
    3.2394820340E-01    1.4482533268E-01    1.2066046275E-09
    1.8515634617E-01    2.1197277433E-01   -7.1567965741E-11
   -3.6716559808E-09    2.7351849691E-09    5.5741707524E-01

#
# The IR spectrum
#  wavenumber eps Int TX TY TZ
#
$ir_spectrum
9
      0.00   0.00000000   0.00000000     0.000000     0.000000     0.000000
      0.00   0.00000000   0.00000000     0.000000     0.000000     0.000000
      0.00   0.00000000   0.00000000     0.000000     0.000000     0.000000
      0.00   0.00000000   0.00000000     0.000000     0.000000     0.000000
      0.00   0.00000000   0.00000000     0.000000     0.000000     0.000000
      0.00   0.00000000   0.00000000     0.000000     0.000000     0.000000
  -8662.26   0.00000000   0.00000000     0.000000     0.000000     0.000000
  17920.25   0.00031795   1.60678398    -0.000000     0.002353    -0.000000
  18339.11   0.01032342  52.17035550     0.013254     0.000000    -0.000000


$end

