*************************************************
******************* ORCA 6.0.1 ******************
*************************************************
$Calculation_Status
   &GeometryIndex 1
   &ListStatus       OUT
   &VERSION [&Type "String"] "6.0.1"
   &PROGNAME [&Type "String"] "LeanSCF"
   &STATUS [&Type "String"] "NORMAL TERMINATION"
$End
$Geometry
   &GeometryIndex 1
   &ListStatus       OUT
   &NATOMS [&Type "Integer"] 3
   &NCORELESSECP [&Type "Integer"] 0
   &NGHOSTATOMS [&Type "Integer"] 0
   &CartesianCoordinates [&Type "Coordinates", &Dim(3,4), &Units "Bohr"] 
              O      0.000000001512   -0.014263648701    0.000000000000
              H      0.757145343782    0.587131826781    0.000000000000
              H     -0.757145345483    0.587131827726    0.000000000000
$End
$SCF_Energy
   &GeometryIndex 1
   &ListStatus       OUT
   &SCF_ENERGY [&Type "Double"]      -7.4875185919876955e+01
$End
$DFT_Energy
   &GeometryIndex 1
   &ListStatus       OUT
   &NALPHAEL [&Type "Integer"] 5
   &NBETAEL [&Type "Integer"] 5
   &NTOTALEL [&Type "Integer"] 10
   &EEXCHANGE [&Type "Double"]      -7.6584833737681333e+00
   &ECORR [&Type "Double"]      -4.2278612723651315e-01
   &ECNL [&Type "Double"]       0.0000000000000000e+00
   &EXC [&Type "Double"]      -8.0812695010046465e+00
   &EEMBED [&Type "Double"]       0.0000000000000000e+00
   &FINALEN [&Type "Double"]      -7.4875185919876955e+01  "No Van der Waals correction"
$End
$Mulliken_Population_Analysis
   &GeometryIndex 1
   &ListStatus       OUT
   &NATOMS [&Type "Integer"] 3
   &ATNO [&Type "ArrayOfIntegers", &Dim (3,1)] 
                                                         0

0                                                        8
1                                                        1
2                                                        1
   &ATOMICCHARGES [&Type "ArrayOfDoubles", &Dim (3,1)] 
                                                         0

0                                      4.0974370675233818e-01
1                                     -2.0487185703296440e-01
2                                     -2.0487184971934624e-01
$End
$Loewdin_Population_Analysis
   &GeometryIndex 1
   &ListStatus       OUT
   &NATOMS [&Type "Integer"] 3
   &ATNO [&Type "ArrayOfIntegers", &Dim (3,1)] 
                                                         0

0                                                        8
1                                                        1
2                                                        1
   &ATOMICCHARGES [&Type "ArrayOfDoubles", &Dim (3,1)] 
                                                         0

0                                      5.5726957522387632e-01
1                                     -2.7863479022426763e-01
2                                     -2.7863478499957872e-01
$End
$Mayer_Population_Analysis
   &GeometryIndex 1
   &ListStatus       OUT
   &NATOMS [&Type "Integer"] 3 "Total number of atoms"
   &BONDTHRESH [&Type "Double"]       1.0000000000000001e-01  "The threshold for printing"
   &NBONDORDERSPRINT [&Type "Integer"] 3 "The number of bond orders larger than threshold"
   &BONDORDERS [&Type "ArrayOfDoubles", &Dim (3,1)] "The bond orders"
                                                         0

0                                      9.4383795786148839e-01
1                                      9.4383795780246116e-01
2                                      1.4885376954326973e-01
   &COMPONENTS [&Type "ArrayOfIntegers", &Dim (3,4)] "The indices and atomic numbers of the bonding atoms"
                                                         0                           1                           2                           3

0                                                        0                           8                           1                           1
1                                                        0                           8                           2                           1
2                                                        1                           1                           2                           1
   &ATNO [&Type "ArrayOfIntegers", &Dim (3,1)] "Atomic number of the elements"
                                                         0

0                                                        8
1                                                        1
2                                                        1
   &NA [&Type "ArrayOfDoubles", &Dim (3,1)] "Mulliken gross atomic population"
                                                         0

0                                      7.5902562932476609e+00
1                                      1.2048718570329642e+00
2                                      1.2048718497193465e+00
   &ZA [&Type "ArrayOfDoubles", &Dim (3,1)] "Total nuclear charge"
                                                         0

0                                      8.0000000000000000e+00
1                                      1.0000000000000000e+00
2                                      1.0000000000000000e+00
   &QA [&Type "ArrayOfDoubles", &Dim (3,1)] "Mulliken gross atomic charge"
                                                         0

0                                      4.0974370675233907e-01
1                                     -2.0487185703296418e-01
2                                     -2.0487184971934647e-01
   &VA [&Type "ArrayOfDoubles", &Dim (3,1)] "Mayer's total valence"
                                                         0

0                                      1.8876759156639893e+00
1                                      1.0926917274047592e+00
2                                      1.0926917273457384e+00
   &BVA [&Type "ArrayOfDoubles", &Dim (3,1)] "Mayer's bonded valence"
                                                         0

0                                      1.8876759156639495e+00
1                                      1.0926917274047581e+00
2                                      1.0926917273457308e+00
   &FA [&Type "ArrayOfDoubles", &Dim (3,1)] "Mayer's free valence"
                                                         0

0                                      0.0000000000000000e+00
1                                      0.0000000000000000e+00
2                                      0.0000000000000000e+00
$End
$SCF_Nuc_Gradient
   &GeometryIndex 1
   &ListStatus       OUT
   &NATOMS [&Type "Integer"] 3
   &ROOT [&Type "Integer"] 0
   &GRADNORM [&Type "Double"]       5.6832965783951526e+00
   &GRAD [&Type "ArrayOfDoubles", &Dim (9,1)] 
                                                         0

0                                      4.8980189714850455e-08
1                                      3.6930945906537080e+00
2                                     -4.7562125548830474e-10
3                                     -2.4332528385277086e+00
4                                     -1.8465473158580601e+00
5                                     -8.1091949314364823e-09
6                                      2.4332527895475247e+00
7                                     -1.8465472749799285e+00
8                                      8.5848275259918363e-09
$End
$SCF_Dipole_Moment
   &GeometryIndex 1
   &ListStatus       OUT
   &METHOD [&Type "String"] "SCF"
   &LEVEL [&Type "String"] "Relaxed density"
   &MULT [&Type "Integer"] 1
   &STATE [&Type "Integer"] -1
   &IRREP [&Type "Integer"] 0
   &NATOMS [&Type "Integer"] 3
   &DODIPOLEATOM [&Type "Boolean"] false
   &DIPOLEELECCONTRIB [&Type "ArrayOfDoubles", &Dim (3,1)] "Electronic contribution"
                                                         0

0                                     -9.7540582381927532e-11
1                                      1.3984112915292934e-01
2                                      9.8696329967781262e-10
   &DIPOLENUCCONTRIB [&Type "ArrayOfDoubles", &Dim (3,1)] "Nuclear contribution"
                                                         0

0                                     -2.0809063361326707e-09
1                                      5.2978885392185782e-01
2                                      0.0000000000000000e+00
   &DIPOLETOTAL [&Type "ArrayOfDoubles", &Dim (3,1)] "Total"
                                                         0

0                                     -2.1784469185145983e-09
1                                      6.6962998307478716e-01
2                                      9.8696329967781262e-10
   &DIPOLEMAGNITUDE [&Type "Double", &Units "a.u."]       6.6962998307478716e-01
$End
$SCF_Polarizability
   &GeometryIndex 1
   &ListStatus       OUT
   &METHOD [&Type "String"] "SCF"
   &LEVEL [&Type "String"] "Relaxed density"
   &MULT [&Type "Integer"] 1
   &STATE [&Type "Integer"] -1
   &IRREP [&Type "Integer"] 0
   &NATOMS [&Type "Integer"] 3
   &DODIPOLEATOM [&Type "Boolean"] false
   &RAWCARTESIAN [&Type "ArrayOfDoubles", &Units "a.u", &Dim (3,3)] 
                                                         0                           1                           2

0                                      2.4917943897318122e+00         4.7197076706931296e-09         4.5204904918048480e-09
1                                      4.7197076706931296e-09         2.2913839033785011e+00        -1.5251548245808615e-08
2                                      4.5204904918048480e-09        -1.5251548245808615e-08         2.9806765133785826e+00
   &DIAGONALIZEDTENSOR [&Type "ArrayOfDoubles", &Dim (3,1)] 
                                                         0

0                                      2.2913839033785024e+00
1                                      2.4917943897318122e+00
2                                      2.9806765133785831e+00
   &ORIENTATION [&Type "ArrayOfDoubles", &Dim (3,3)] 
                                                         0                           1                           2

0                                     -2.3550202161461299e-08         9.9999999999999978e-01         9.2465855647464543e-09
1                                      9.9999999999999989e-01         2.3550202288280531e-08        -2.2126377072526085e-08
2                                      2.2126377290285034e-08        -9.2465850436657959e-09         9.9999999999999978e-01
   &ISOTROPICPOLAR [&Type "Double"]       2.5879516021629656e+00
$End
$THERMOCHEMISTRY_Energies
   &GeometryIndex 1
   &ListStatus       OUT
   &TEMPERATURE [&Type "Double"]       2.9814999999999998e+02
   &PRESSURE [&Type "Double"]       1.0000000000000000e+00
   &TOTALMASS [&Type "Double"]       1.8015000000000001e+01
   &SPINDEGENERACY [&Type "Integer"] 1
   &ELENERGY [&Type "Double"]      -7.4875185919876955e+01
   &TRANSENERGY [&Type "Double"]       1.4162714244859817e-03
   &ROTENERGY [&Type "Double"]       1.4162714244859817e-03
   &VIBENERGY [&Type "Double"]       2.5791036878206816e-39
   &NUMOFFREQS [&Type "Integer"] 9
   &FREQSCALINGFACTOR [&Type "Double"]       1.0000000000000000e+00
   &FREQ [&Type "ArrayOfDoubles", &Dim (9,1)] "In cm^-1"
                                                         0

0                                      0.0000000000000000e+00
1                                      0.0000000000000000e+00
2                                      0.0000000000000000e+00
3                                      0.0000000000000000e+00
4                                      0.0000000000000000e+00
5                                      0.0000000000000000e+00
6                                     -8.6622617613476741e+03
7                                      1.7920254597741910e+04
8                                      1.8339113770630393e+04
   &ZPE [&Type "Double"]       8.2604919284300193e-02
   &INNERENERGYU [&Type "Double"]      -7.4789748457743670e+01
   &ENTHALPYH [&Type "Double"]      -7.4788804248701410e+01
   &QEL [&Type "Double"]       0.0000000000000000e+00
   &QROT [&Type "Double"]       3.1944481302707928e-03
   &QVIB [&Type "Double"]      -2.0379273637689678e-12
   &QTRANS [&Type "Double"]       1.6443801841798250e-02
   &ENTROPYS [&Type "Double"]       1.9638249970031114e-02
   &FREEENERGYG [&Type "Double"]      -7.4808442498671440e+01
   &ISLINEAR [&Type "Boolean"] false
$End
$Hessian
   &GeometryIndex 1
   &ListStatus       OUT
   &HESSIAN [&Type "ArrayOfDoubles", &Dim (9,9)] "The Hessian"
                                                         0                           1                           2                           3                           4                           5                           6                           7

0                                      1.2299537234904331e+01         1.7524581030770037e-07         8.8187623995834730e-09        -6.1497686592613112e+00        -7.3240001041640781e+00        -2.4438406468967628e-09        -6.1497685756430212e+00         7.3239999525256483e+00
1                                      1.7524581030770037e-07         5.5290960602020656e+00        -1.6610466354427941e-08        -6.9636547421999824e+00        -2.7645480915009086e+00         4.0803011376344059e-09         6.9636545433467916e+00        -2.7645479687011569e+00
2                                      8.8187623995834730e-09        -1.6610466354427941e-08        -6.1407592853534165e+00         8.9866220306483866e-09         8.1958186272799496e-09         3.0703796748654320e+00        -2.2232434665460691e-08         1.7817227746193694e-08
3                                     -6.1497686592613112e+00        -6.9636547421999824e+00         8.9866220306483866e-09         6.2125153209074462e+00         7.1438274112660807e+00        -1.2866767757042735e-08        -6.2746661646135349e-02        -1.8036065224506342e-01
4                                     -7.3240001041640781e+00        -2.7645480915009086e+00         8.1958186272799496e-09         7.1438274112660807e+00         2.6840616990883213e+00        -2.0544988253499407e-09         1.8036067607696349e-01         8.0486392412587385e-02
5                                     -2.4438406468967628e-09         4.0803011376344059e-09         3.0703796748654320e+00        -1.2866767757042735e-08        -2.0544988253499407e-09        -3.1418690892682690e+00         1.4412940341753590e-08        -3.6441714840594772e-09
6                                     -6.1497685756430212e+00         6.9636545433467916e+00        -2.2232434665460691e-08        -6.2746661646135349e-02         1.8036067607696349e-01         1.4412940341753590e-08         6.2125152372891561e+00        -7.1438272598521699e+00
7                                      7.3239999525256483e+00        -2.7645479687011569e+00         1.7817227746193694e-08        -1.8036065224506342e-01         8.0486392412587385e-02        -3.6441714840594772e-09        -7.1438272598521699e+00         2.6840615762885696e+00
8                                     -1.9478715174578767e-09         3.1275851977478288e-09         3.0703796104879846e+00         4.7778137885802539e-09        -4.5229506301549968e-09         7.1489414402836945e-02         2.4947760262923621e-09        -6.3888454148635246e-09
                                                         8

0                                     -1.9478715174578767e-09
1                                      3.1275851977478288e-09
2                                      3.0703796104879846e+00
3                                      4.7778137885802539e-09
4                                     -4.5229506301549968e-09
5                                      7.1489414402836945e-02
6                                      2.4947760262923621e-09
7                                     -6.3888454148635246e-09
8                                     -3.1418690248908216e+00
   &MODES [&Type "ArrayOfDoubles", &Dim (9,9)] "The modes of vibrations"
                                                         0                           1                           2                           3                           4                           5                           6                           7

0                                      0.0000000000000000e+00         0.0000000000000000e+00         0.0000000000000000e+00         0.0000000000000000e+00         0.0000000000000000e+00         0.0000000000000000e+00        -3.0227959960169019e-10         1.5272749753674084e-08
1                                      0.0000000000000000e+00         0.0000000000000000e+00         0.0000000000000000e+00         0.0000000000000000e+00         0.0000000000000000e+00         0.0000000000000000e+00         6.5031596755659268e-02        -5.2588022497355086e-02
2                                      0.0000000000000000e+00         0.0000000000000000e+00         0.0000000000000000e+00         0.0000000000000000e+00         0.0000000000000000e+00         0.0000000000000000e+00         0.0000000000000000e+00         0.0000000000000000e+00
3                                      0.0000000000000000e+00         0.0000000000000000e+00         0.0000000000000000e+00         0.0000000000000000e+00         0.0000000000000000e+00         0.0000000000000000e+00         4.4285328145704228e-01         5.4764275445347133e-01
4                                      0.0000000000000000e+00         0.0000000000000000e+00         0.0000000000000000e+00         0.0000000000000000e+00         0.0000000000000000e+00         0.0000000000000000e+00        -5.1609152601959951e-01         4.1733907727511044e-01
5                                      0.0000000000000000e+00         0.0000000000000000e+00         0.0000000000000000e+00         0.0000000000000000e+00         0.0000000000000000e+00         0.0000000000000000e+00         0.0000000000000000e+00         0.0000000000000000e+00
6                                      0.0000000000000000e+00         0.0000000000000000e+00         0.0000000000000000e+00         0.0000000000000000e+00         0.0000000000000000e+00         0.0000000000000000e+00        -4.4285327665925323e-01        -5.4764299686291895e-01
7                                      0.0000000000000000e+00         0.0000000000000000e+00         0.0000000000000000e+00         0.0000000000000000e+00         0.0000000000000000e+00         0.0000000000000000e+00        -5.1609152605757613e-01         4.1733926789868353e-01
8                                      0.0000000000000000e+00         0.0000000000000000e+00         0.0000000000000000e+00         0.0000000000000000e+00         0.0000000000000000e+00         0.0000000000000000e+00         0.0000000000000000e+00         0.0000000000000000e+00
                                                         8

0                                     -6.6954181007206237e-02
1                                     -1.2141972294096356e-08
2                                      0.0000000000000000e+00
3                                      5.3134930073219300e-01
4                                      4.2204718915843448e-01
5                                      0.0000000000000000e+00
6                                      5.3134905436135171e-01
7                                     -4.2204699644076127e-01
8                                      0.0000000000000000e+00
$End
