*************************************************
******************* ORCA 6.0.1 ******************
*************************************************
$Calculation_Status
   &GeometryIndex 1
   &ListStatus       OUT
   &VERSION [&Type "String"] "6.0.1"
   &PROGNAME [&Type "String"] "LeanSCF"
   &STATUS [&Type "String"] "NORMAL TERMINATION"
$End
$Geometry
   &GeometryIndex 1
   &ListStatus       OUT
   &NATOMS [&Type "Integer"] 4
   &NCORELESSECP [&Type "Integer"] 0
   &NGHOSTATOMS [&Type "Integer"] 0
   &CartesianCoordinates [&Type "Coordinates", &Dim(4,4), &Units "Bohr"] 
              N     -0.000009797663    0.000000010205    0.156182666796
              H      0.937805995451   -0.000000021732   -0.252064168123
              H     -0.468898114673    0.812171382779   -0.252059247277
              H     -0.468898083115   -0.812171371251   -0.252059254269
$End
$SCF_Energy
   &GeometryIndex 1
   &ListStatus       OUT
   &SCF_ENERGY [&Type "Double"]      -5.4567635750465399e+01
$End
$DFT_Energy
   &GeometryIndex 1
   &ListStatus       OUT
   &NALPHAEL [&Type "Integer"] 5
   &NBETAEL [&Type "Integer"] 5
   &NTOTALEL [&Type "Integer"] 10
   &EEXCHANGE [&Type "Double"]      -6.8134649042934496e+00
   &ECORR [&Type "Double"]      -4.0812409598130611e-01
   &ECNL [&Type "Double"]       0.0000000000000000e+00
   &EXC [&Type "Double"]      -7.2215890002747560e+00
   &EEMBED [&Type "Double"]       0.0000000000000000e+00
   &FINALEN [&Type "Double"]      -5.4567635750465399e+01  "No Van der Waals correction"
$End
$Mulliken_Population_Analysis
   &GeometryIndex 1
   &ListStatus       OUT
   &NATOMS [&Type "Integer"] 4
   &ATNO [&Type "ArrayOfIntegers", &Dim (4,1)] 
                                                         0

0                                                        7
1                                                        1
2                                                        1
3                                                        1
   &ATOMICCHARGES [&Type "ArrayOfDoubles", &Dim (4,1)] 
                                                         0

0                                      9.5076258008970882e-01
1                                     -3.1679511598425592e-01
2                                     -3.1698373666209512e-01
3                                     -3.1698372744334802e-01
$End
$Loewdin_Population_Analysis
   &GeometryIndex 1
   &ListStatus       OUT
   &NATOMS [&Type "Integer"] 4
   &ATNO [&Type "ArrayOfIntegers", &Dim (4,1)] 
                                                         0

0                                                        7
1                                                        1
2                                                        1
3                                                        1
   &ATOMICCHARGES [&Type "ArrayOfDoubles", &Dim (4,1)] 
                                                         0

0                                      4.1434948251908743e-01
1                                     -1.3808210854367453e-01
2                                     -1.3813368657510572e-01
3                                     -1.3813368740029919e-01
$End
$Mayer_Population_Analysis
   &GeometryIndex 1
   &ListStatus       OUT
   &NATOMS [&Type "Integer"] 4 "Total number of atoms"
   &BONDTHRESH [&Type "Double"]       1.0000000000000001e-01  "The threshold for printing"
   &NBONDORDERSPRINT [&Type "Integer"] 6 "The number of bond orders larger than threshold"
   &BONDORDERS [&Type "ArrayOfDoubles", &Dim (6,1)] "The bond orders"
                                                         0

0                                      3.1586753157549585e-01
1                                      3.1569304973439177e-01
2                                      3.1569302547641542e-01
3                                      2.5238644530140070e-01
4                                      2.5238644797774912e-01
5                                      2.5252393984777871e-01
   &COMPONENTS [&Type "ArrayOfIntegers", &Dim (6,4)] "The indices and atomic numbers of the bonding atoms"
                                                         0                           1                           2                           3

0                                                        0                           7                           1                           1
1                                                        0                           7                           2                           1
2                                                        0                           7                           3                           1
3                                                        1                           1                           2                           1
4                                                        1                           1                           3                           1
5                                                        2                           1                           3                           1
   &ATNO [&Type "ArrayOfIntegers", &Dim (4,1)] "Atomic number of the elements"
                                                         0

0                                                        7
1                                                        1
2                                                        1
3                                                        1
   &NA [&Type "ArrayOfDoubles", &Dim (4,1)] "Mulliken gross atomic population"
                                                         0

0                                      6.0492374199102921e+00
1                                      1.3167951159842555e+00
2                                      1.3169837366620945e+00
3                                      1.3169837274433482e+00
   &ZA [&Type "ArrayOfDoubles", &Dim (4,1)] "Total nuclear charge"
                                                         0

0                                      7.0000000000000000e+00
1                                      1.0000000000000000e+00
2                                      1.0000000000000000e+00
3                                      1.0000000000000000e+00
   &QA [&Type "ArrayOfDoubles", &Dim (4,1)] "Mulliken gross atomic charge"
                                                         0

0                                      9.5076258008970793e-01
1                                     -3.1679511598425547e-01
2                                     -3.1698373666209445e-01
3                                     -3.1698372744334824e-01
   &VA [&Type "ArrayOfDoubles", &Dim (4,1)] "Mayer's total valence"
                                                         0

0                                      9.4725360678629600e-01
1                                      8.2064042485465383e-01
2                                      8.2060343488357490e-01
3                                      8.2060341330195230e-01
   &BVA [&Type "ArrayOfDoubles", &Dim (4,1)] "Mayer's bonded valence"
                                                         0

0                                      9.4725360678630310e-01
1                                      8.2064042485464572e-01
2                                      8.2060343488357113e-01
3                                      8.2060341330194331e-01
   &FA [&Type "ArrayOfDoubles", &Dim (4,1)] "Mayer's free valence"
                                                         0

0                                      0.0000000000000000e+00
1                                      0.0000000000000000e+00
2                                      0.0000000000000000e+00
3                                      0.0000000000000000e+00
$End
$SCF_Nuc_Gradient
   &GeometryIndex 1
   &ListStatus       OUT
   &NATOMS [&Type "Integer"] 4
   &ROOT [&Type "Integer"] 0
   &GRADNORM [&Type "Double"]       5.0941095659403404e+00
   &GRAD [&Type "ArrayOfDoubles", &Dim (12,1)] 
                                                         0

0                                     -1.4891615027423378e-04
1                                     -1.8862792017232416e-07
2                                     -2.8138904166936536e+00
3                                     -2.2650034222949089e+00
4                                      6.7316567030956206e-08
5                                      9.3800069393134344e-01
6                                      1.1325761781320416e+00
7                                     -1.9617527883733499e+00
8                                      9.3794484217819707e-01
9                                      1.1325761602566990e+00
10                                     1.9617529096847017e+00
11                                     9.3794488072350535e-01
$End
$SCF_Dipole_Moment
   &GeometryIndex 1
   &ListStatus       OUT
   &METHOD [&Type "String"] "SCF"
   &LEVEL [&Type "String"] "Relaxed density"
   &MULT [&Type "Integer"] 1
   &STATE [&Type "Integer"] -1
   &IRREP [&Type "Integer"] 0
   &NATOMS [&Type "Integer"] 4
   &DODIPOLEATOM [&Type "Boolean"] false
   &DIPOLEELECCONTRIB [&Type "ArrayOfDoubles", &Dim (3,1)] "Electronic contribution"
                                                         0

0                                      4.3819446168691899e-05
1                                      7.8259710465516941e-09
2                                     -2.2887439962556089e-01
   &DIPOLENUCCONTRIB [&Type "ArrayOfDoubles", &Dim (3,1)] "Nuclear contribution"
                                                         0

0                                      1.5995198380858167e-05
1                                     -1.6659373103244945e-08
2                                     -4.9985925004778953e-01
   &DIPOLETOTAL [&Type "ArrayOfDoubles", &Dim (3,1)] "Total"
                                                         0

0                                      5.9814644549550065e-05
1                                     -8.8334020566932514e-09
2                                     -7.2873364967335041e-01
   &DIPOLEMAGNITUDE [&Type "Double", &Units "a.u."]       7.2873365212815111e-01
$End
$SCF_Polarizability
   &GeometryIndex 1
   &ListStatus       OUT
   &METHOD [&Type "String"] "SCF"
   &LEVEL [&Type "String"] "Relaxed density"
   &MULT [&Type "Integer"] 1
   &STATE [&Type "Integer"] -1
   &IRREP [&Type "Integer"] 0
   &NATOMS [&Type "Integer"] 4
   &DODIPOLEATOM [&Type "Boolean"] false
   &RAWCARTESIAN [&Type "ArrayOfDoubles", &Units "a.u", &Dim (3,3)] 
                                                         0                           1                           2

0                                      3.4385055015509529e+00        -4.5502360154076049e-08        -9.2884139673327093e-04
1                                     -4.5502360154076049e-08         3.4399589494544998e+00        -5.4544600402300913e-08
2                                     -9.2884139673327093e-04        -5.4544600402300913e-08         3.7763652451878005e+00
   &DIAGONALIZEDTENSOR [&Type "ArrayOfDoubles", &Dim (3,1)] 
                                                         0

0                                      3.4385029480052296e+00
1                                      3.4399589494559226e+00
2                                      3.7763677987321009e+00
   &ORIENTATION [&Type "ArrayOfDoubles", &Dim (3,3)] 
                                                         0                           1                           2

0                                      9.9999622055790272e-01         3.1354786694662564e-05        -2.7491611062544826e-03
1                                      3.1354460462651446e-05        -9.9999999950843588e-01        -1.6176536699226418e-07
2                                      2.7491611099752121e-03        -7.5566292398004374e-08         9.9999622104945263e-01
   &ISOTROPICPOLAR [&Type "Double"]       3.5516098987310842e+00
$End
$THERMOCHEMISTRY_Energies
   &GeometryIndex 1
   &ListStatus       OUT
   &TEMPERATURE [&Type "Double"]       2.9814999999999998e+02
   &PRESSURE [&Type "Double"]       1.0000000000000000e+00
   &TOTALMASS [&Type "Double"]       1.7030999999999999e+01
   &SPINDEGENERACY [&Type "Integer"] 1
   &ELENERGY [&Type "Double"]      -5.4567635750465399e+01
   &TRANSENERGY [&Type "Double"]       1.4162714244859817e-03
   &ROTENERGY [&Type "Double"]       1.4162714244859817e-03
   &VIBENERGY [&Type "Double"]       1.1809110340544842e-33
   &NUMOFFREQS [&Type "Integer"] 12
   &FREQSCALINGFACTOR [&Type "Double"]       1.0000000000000000e+00
   &FREQ [&Type "ArrayOfDoubles", &Dim (12,1)] "In cm^-1"
                                                         0

0                                      0.0000000000000000e+00
1                                      0.0000000000000000e+00
2                                      0.0000000000000000e+00
3                                      0.0000000000000000e+00
4                                      0.0000000000000000e+00
5                                      0.0000000000000000e+00
6                                     -8.1043645140082817e+03
7                                     -7.2946000231175231e+03
8                                     -7.2928993667944014e+03
9                                      1.5172046416996927e+04
10                                     1.5880113130338903e+04
11                                     1.5880724602620268e+04
   &ZPE [&Type "Double"]       1.0692097743126158e-01
   &INNERENERGYU [&Type "Double"]      -5.4457882230185163e+01
   &ENTHALPYH [&Type "Double"]      -5.4456938021142903e+01
   &QEL [&Type "Double"]       0.0000000000000000e+00
   &QROT [&Type "Double"]       3.6571808818496492e-03
   &QVIB [&Type "Double"]      -5.1759305210772697e-12
   &QTRANS [&Type "Double"]       1.6364250539629886e-02
   &ENTROPYS [&Type "Double"]       2.0021431416303605e-02
   &FREEENERGYG [&Type "Double"]      -5.4476959452559207e+01
   &ISLINEAR [&Type "Boolean"] false
$End
$Hessian
   &GeometryIndex 1
   &ListStatus       OUT
   &HESSIAN [&Type "ArrayOfDoubles", &Dim (12,12)] "The Hessian"
                                                         0                           1                           2                           3                           4                           5                           6                           7

0                                      7.5162696756863108e+00        -3.7638134253725752e-07        -6.0909761123117967e-04        -7.0249408627403911e+00         3.2637933097912053e-07         4.1821788479848960e+00        -2.4566449012023028e-01         3.9138376650605622e+00
1                                     -3.7638134253725752e-07         7.5189307743157849e+00         3.7602642577461154e-07         3.3204558855845252e-07         2.0139215831619461e+00        -1.3917928114135094e-07         3.9141925470117975e+00        -4.7664261119276192e+00
2                                     -6.0909761123117967e-04         3.7602642577461154e-07        -1.3735760668786507e+00         3.8687345298397444e+00        -1.3338736240838883e-07         4.5770390138467631e-01        -1.9340628872085954e+00         3.3506039385981130e+00
3                                     -7.0249408627403911e+00         3.3204558855845252e-07         3.8687345298397444e+00         7.0029748131774019e+00        -3.1887239382993871e-07        -3.9952430760261777e+00         1.0983032190673869e-02        -9.2653523279660852e-02
4                                      3.2637933097912053e-07         2.0139215831619461e+00        -1.3338736240838883e-07        -3.1887239382993871e-07        -2.1052028402334986e+00         1.4801212447346224e-07         1.5252187605579265e-01         4.5640633140559855e-02
5                                      4.1821788479848960e+00        -1.3917928114135094e-07         4.5770390138467631e-01        -3.9952430760261777e+00         1.4801212447346224e-07        -5.4885085848016335e-01        -9.3441798218741809e-02         1.9028171960720888e-02
6                                     -2.4566449012023028e-01         3.9141925470117975e+00        -1.9340628872085954e+00         1.0983032190673869e-02         1.5252187605579265e-01        -9.3441798218741809e-02         1.7168760949847708e-01        -3.9439500419386446e+00
7                                      3.9138376650605622e+00        -4.7664261119276192e+00         3.3506039385981130e+00        -9.2653523279660852e-02         4.5640633140559855e-02         1.9028171960720888e-02        -3.9439500419386446e+00         4.7275701957088225e+00
8                                     -2.0907846361613527e+00         3.6217293484510860e+00         4.5793615931345488e-01         6.3228175714455159e-02        -7.1289912742795641e-02         4.5573478341387100e-02         1.9974179732373876e+00        -3.4600349799277703e+00
9                                     -2.4566432282568962e-01        -3.9141923221170405e+00        -1.9340629410693122e+00         1.0983017372315829e-02        -1.5252191812335714e-01        -9.3441800295683788e-02         6.2993848431079330e-02         1.2290750396806691e-01
10                                    -3.9138377956175536e+00        -4.7664262455501119e+00        -3.3506043097598948e+00         9.2653544667093468e-02         4.5640623930992594e-02        -1.9028192227474594e-02        -1.2290598493926852e-01        -6.7847169217634118e-03
11                                    -2.0907847181629178e+00        -3.6217294567755123e+00         4.5793600618051955e-01         6.3228197027686298e-02         7.1289909551943947e-02         4.5573478754099853e-02         3.0112392348279591e-02         9.0464160474495209e-02
                                                         8                           9                          10                          11

0                                     -2.0907846361613527e+00        -2.4566432282568962e-01        -3.9138377956175536e+00        -2.0907847181629178e+00
1                                      3.6217293484510860e+00        -3.9141923221170405e+00        -4.7664262455501119e+00        -3.6217294567755123e+00
2                                      4.5793615931345488e-01        -1.9340629410693122e+00        -3.3506043097598948e+00         4.5793600618051955e-01
3                                      6.3228175714455159e-02         1.0983017372315829e-02         9.2653544667093468e-02         6.3228197027686298e-02
4                                     -7.1289912742795641e-02        -1.5252191812335714e-01         4.5640623930992594e-02         7.1289909551943947e-02
5                                      4.5573478341387100e-02        -9.3441800295683788e-02        -1.9028192227474594e-02         4.5573478754099853e-02
6                                      1.9974179732373876e+00         6.2993848431079330e-02        -1.2290598493926852e-01         3.0112392348279591e-02
7                                     -3.4600349799277703e+00         1.2290750396806691e-01        -6.7847169217634118e-03         9.0464160474495209e-02
8                                     -5.4904169012534187e-01         3.0112807051179705e-02        -9.0465746886078752e-02         4.5532052470499795e-02
9                                      3.0112807051179705e-02         1.7168745702229446e-01         3.9439484860810294e+00         1.9974180315503842e+00
10                                    -9.0465746886078752e-02         3.9439484860810294e+00         4.7275703385408825e+00         3.4600368178112602e+00
11                                     4.5532052470499795e-02         1.9974180315503842e+00         3.4600368178112602e+00        -5.4904153740511918e-01
   &MODES [&Type "ArrayOfDoubles", &Dim (12,12)] "The modes of vibrations"
                                                         0                           1                           2                           3                           4                           5                           6                           7

0                                      0.0000000000000000e+00         0.0000000000000000e+00         0.0000000000000000e+00         0.0000000000000000e+00         0.0000000000000000e+00         0.0000000000000000e+00        -1.4262971068401469e-05         5.2951715839683362e-05
1                                      0.0000000000000000e+00         0.0000000000000000e+00         0.0000000000000000e+00         0.0000000000000000e+00         0.0000000000000000e+00         0.0000000000000000e+00         5.7939684093372293e-08         6.2192388438114206e-02
2                                      0.0000000000000000e+00         0.0000000000000000e+00         0.0000000000000000e+00         0.0000000000000000e+00         0.0000000000000000e+00         0.0000000000000000e+00         1.0240907421972767e-01        -7.5176730487488609e-08
3                                      0.0000000000000000e+00         0.0000000000000000e+00         0.0000000000000000e+00         0.0000000000000000e+00         0.0000000000000000e+00         0.0000000000000000e+00        -2.3900668171240974e-01         1.3404749532486076e-04
4                                      0.0000000000000000e+00         0.0000000000000000e+00         0.0000000000000000e+00         0.0000000000000000e+00         0.0000000000000000e+00         0.0000000000000000e+00        -6.9188561122272181e-07        -7.3341863986945666e-01
5                                      0.0000000000000000e+00         0.0000000000000000e+00         0.0000000000000000e+00         0.0000000000000000e+00         0.0000000000000000e+00         0.0000000000000000e+00        -4.7439661022155366e-01         2.1389080963388294e-04
6                                      0.0000000000000000e+00         0.0000000000000000e+00         0.0000000000000000e+00         0.0000000000000000e+00         0.0000000000000000e+00         0.0000000000000000e+00         1.1960207198983838e-01        -3.8611871817302523e-01
7                                      0.0000000000000000e+00         0.0000000000000000e+00         0.0000000000000000e+00         0.0000000000000000e+00         0.0000000000000000e+00         0.0000000000000000e+00        -2.0683682339053425e-01        -6.5726422367824264e-02
8                                      0.0000000000000000e+00         0.0000000000000000e+00         0.0000000000000000e+00         0.0000000000000000e+00         0.0000000000000000e+00         0.0000000000000000e+00        -4.7433121893855351e-01         2.1709676304367864e-01
9                                      0.0000000000000000e+00         0.0000000000000000e+00         0.0000000000000000e+00         0.0000000000000000e+00         0.0000000000000000e+00         0.0000000000000000e+00         1.1960280559137604e-01         3.8524886245967804e-01
10                                     0.0000000000000000e+00         0.0000000000000000e+00         0.0000000000000000e+00         0.0000000000000000e+00         0.0000000000000000e+00         0.0000000000000000e+00         2.0683671015595190e-01        -6.5070002100681368e-02
11                                     0.0000000000000000e+00         0.0000000000000000e+00         0.0000000000000000e+00         0.0000000000000000e+00         0.0000000000000000e+00         0.0000000000000000e+00        -4.7433159801819236e-01        -2.1730960920999517e-01
                                                         8                           9                          10                          11

0                                     -6.2197912968982728e-02        -4.4465465165891356e-05        -7.6127880006727128e-02         2.7490529022801829e-06
1                                      5.2949339343874334e-05         9.6512438358703186e-10         2.7484936447465853e-06         7.6132793505224935e-02
2                                     -2.9573803373292752e-05         4.6784580398116497e-02        -2.1084740964474321e-05         5.5294836316893088e-09
3                                     -1.5721338064451074e-01         5.2340644038859507e-01         7.1618498226750926e-01        -2.5837245856825475e-05
4                                     -6.2441646000245738e-04        -6.9790139271830058e-08         4.1191472824380868e-07         1.1167533481738608e-02
5                                     -2.5069002955942904e-01        -2.1687868690279916e-01        -3.0690823646598475e-01         1.1068205350888651e-05
6                                      5.1042423644965784e-01        -2.6139433435253751e-01         1.7084907783694225e-01         3.1505033125946869e-01
7                                      3.8561372115942377e-01         4.5285690446439009e-01        -3.1534445698048724e-01        -5.3453665336872802e-01
8                                      1.2573541091042195e-01        -2.1661602256804660e-01         1.5361020555437196e-01         2.6588089036311208e-01
9                                      5.1108097649300899e-01        -2.6139422134302320e-01         1.7082627248902790e-01        -3.1506269439456647e-01
10                                    -3.8572507989405380e-01        -4.5285684808545829e-01         3.1530585245615383e-01        -5.3455948986269897e-01
11                                     1.2536557129171522e-01        -2.1661602231131497e-01         1.5359102095793165e-01        -2.6589203540524586e-01
$End
