
$orca_hessian_file

$act_atom
  0

$act_coord
  0

$act_energy
        0.000000

$multiplicity
  1

$hessian
12
                    0                  1                  2                  3                  4        
    0      7.5162696757E+00  -3.7638134254E-07  -6.0909761123E-04  -7.0249408627E+00   3.2637933098E-07
    1     -3.7638134254E-07   7.5189307743E+00   3.7602642577E-07   3.3204558856E-07   2.0139215832E+00
    2     -6.0909761123E-04   3.7602642577E-07  -1.3735760669E+00   3.8687345298E+00  -1.3338736241E-07
    3     -7.0249408627E+00   3.3204558856E-07   3.8687345298E+00   7.0029748132E+00  -3.1887239383E-07
    4      3.2637933098E-07   2.0139215832E+00  -1.3338736241E-07  -3.1887239383E-07  -2.1052028402E+00
    5      4.1821788480E+00  -1.3917928114E-07   4.5770390138E-01  -3.9952430760E+00   1.4801212447E-07
    6     -2.4566449012E-01   3.9141925470E+00  -1.9340628872E+00   1.0983032191E-02   1.5252187606E-01
    7      3.9138376651E+00  -4.7664261119E+00   3.3506039386E+00  -9.2653523280E-02   4.5640633141E-02
    8     -2.0907846362E+00   3.6217293485E+00   4.5793615931E-01   6.3228175714E-02  -7.1289912743E-02
    9     -2.4566432283E-01  -3.9141923221E+00  -1.9340629411E+00   1.0983017372E-02  -1.5252191812E-01
   10     -3.9138377956E+00  -4.7664262456E+00  -3.3506043098E+00   9.2653544667E-02   4.5640623931E-02
   11     -2.0907847182E+00  -3.6217294568E+00   4.5793600618E-01   6.3228197028E-02   7.1289909552E-02
                    5                  6                  7                  8                  9        
    0      4.1821788480E+00  -2.4566449012E-01   3.9138376651E+00  -2.0907846362E+00  -2.4566432283E-01
    1     -1.3917928114E-07   3.9141925470E+00  -4.7664261119E+00   3.6217293485E+00  -3.9141923221E+00
    2      4.5770390138E-01  -1.9340628872E+00   3.3506039386E+00   4.5793615931E-01  -1.9340629411E+00
    3     -3.9952430760E+00   1.0983032191E-02  -9.2653523280E-02   6.3228175714E-02   1.0983017372E-02
    4      1.4801212447E-07   1.5252187606E-01   4.5640633141E-02  -7.1289912743E-02  -1.5252191812E-01
    5     -5.4885085848E-01  -9.3441798219E-02   1.9028171961E-02   4.5573478341E-02  -9.3441800296E-02
    6     -9.3441798219E-02   1.7168760950E-01  -3.9439500419E+00   1.9974179732E+00   6.2993848431E-02
    7      1.9028171961E-02  -3.9439500419E+00   4.7275701957E+00  -3.4600349799E+00   1.2290750397E-01
    8      4.5573478341E-02   1.9974179732E+00  -3.4600349799E+00  -5.4904169013E-01   3.0112807051E-02
    9     -9.3441800296E-02   6.2993848431E-02   1.2290750397E-01   3.0112807051E-02   1.7168745702E-01
   10     -1.9028192227E-02  -1.2290598494E-01  -6.7847169218E-03  -9.0465746886E-02   3.9439484861E+00
   11      4.5573478754E-02   3.0112392348E-02   9.0464160474E-02   4.5532052470E-02   1.9974180316E+00
                   10                 11        
     0     -3.9138377956E+00  -2.0907847182E+00
     1     -4.7664262456E+00  -3.6217294568E+00
     2     -3.3506043098E+00   4.5793600618E-01
     3      9.2653544667E-02   6.3228197028E-02
     4      4.5640623931E-02   7.1289909552E-02
     5     -1.9028192227E-02   4.5573478754E-02
     6     -1.2290598494E-01   3.0112392348E-02
     7     -6.7847169218E-03   9.0464160474E-02
     8     -9.0465746886E-02   4.5532052470E-02
     9      3.9439484861E+00   1.9974180316E+00
    10      4.7275703385E+00   3.4600368178E+00
    11      3.4600368178E+00  -5.4904153741E-01

$vibrational_frequencies
12
    0        0.0000000000000000
    1        0.0000000000000000
    2        0.0000000000000000
    3        0.0000000000000000
    4        0.0000000000000000
    5        0.0000000000000000
    6    -8104.3645140082817306
    7    -7294.6000231175230510
    8    -7292.8993667944014305
    9    15172.0464169969272916
   10    15880.1131303389029199
   11    15880.7246026202683424

$normal_modes
12 12
                    0                  1                  2                  3                  4        
    0      0.0000000000E+00   0.0000000000E+00   0.0000000000E+00   0.0000000000E+00   0.0000000000E+00
    1      0.0000000000E+00   0.0000000000E+00   0.0000000000E+00   0.0000000000E+00   0.0000000000E+00
    2      0.0000000000E+00   0.0000000000E+00   0.0000000000E+00   0.0000000000E+00   0.0000000000E+00
    3      0.0000000000E+00   0.0000000000E+00   0.0000000000E+00   0.0000000000E+00   0.0000000000E+00
    4      0.0000000000E+00   0.0000000000E+00   0.0000000000E+00   0.0000000000E+00   0.0000000000E+00
    5      0.0000000000E+00   0.0000000000E+00   0.0000000000E+00   0.0000000000E+00   0.0000000000E+00
    6      0.0000000000E+00   0.0000000000E+00   0.0000000000E+00   0.0000000000E+00   0.0000000000E+00
    7      0.0000000000E+00   0.0000000000E+00   0.0000000000E+00   0.0000000000E+00   0.0000000000E+00
    8      0.0000000000E+00   0.0000000000E+00   0.0000000000E+00   0.0000000000E+00   0.0000000000E+00
    9      0.0000000000E+00   0.0000000000E+00   0.0000000000E+00   0.0000000000E+00   0.0000000000E+00
   10      0.0000000000E+00   0.0000000000E+00   0.0000000000E+00   0.0000000000E+00   0.0000000000E+00
   11      0.0000000000E+00   0.0000000000E+00   0.0000000000E+00   0.0000000000E+00   0.0000000000E+00
                    5                  6                  7                  8                  9        
    0      0.0000000000E+00  -1.5408699544E-05   5.4552195352E-05  -6.4078162954E-02  -4.5291949988E-05
    1      0.0000000000E+00   6.2593913958E-08   6.4072169706E-02   5.4550003896E-05   9.8306326383E-10
    2      0.0000000000E+00   1.1063548034E-01  -7.7448966902E-08  -3.0467822814E-05   4.7654170888E-02
    3      0.0000000000E+00  -2.5820582049E-01   1.3809911606E-04  -1.6196595903E-01   5.3313505736E-01
    4      0.0000000000E+00  -7.4746400667E-07  -7.5558641080E-01  -6.4329264063E-04  -7.1087336786E-08
    5      0.0000000000E+00  -5.1250435806E-01   2.2035571551E-04  -2.5826841767E-01  -2.2090983652E-01
    6      0.0000000000E+00   1.2920957234E-01  -3.9778925780E-01   5.2585441919E-01  -2.6625290154E-01
    7      0.0000000000E+00  -2.2345179352E-01  -6.7713020739E-02   3.9727086782E-01   4.6127420892E-01
    8      0.0000000000E+00  -5.1243371396E-01   2.2365856970E-01   1.2953640669E-01  -2.2064229002E-01
    9      0.0000000000E+00   1.2921036487E-01   3.9689311046E-01   5.2653101256E-01  -2.6625278643E-01
   10      0.0000000000E+00   2.2345167119E-01  -6.7036759997E-02  -3.9738559294E-01  -4.6127415150E-01
   11      0.0000000000E+00  -5.1243412349E-01  -2.2387784920E-01   1.2915538677E-01  -2.2064228975E-01
                   10                 11        
     0     -7.9484385133E-02   2.8702747009E-06
     1      2.8696757006E-06   7.9489933032E-02
     2     -2.2014374643E-05   5.7733108605E-09
     3      7.4776183117E-01  -2.6976560932E-05
     4      4.3007619415E-07   1.1659975258E-02
     5     -3.2043992905E-01   1.1556267170E-05
     6      1.7838187404E-01   3.2894274045E-01
     7     -3.2924810550E-01  -5.5810749643E-01
     8      1.6038293379E-01   2.7760513172E-01
     9      1.7835806320E-01  -3.2895564874E-01
    10      3.2920779889E-01  -5.5813133992E-01
    11      1.6036290334E-01  -2.7761676821E-01

#
# The atoms: label  mass x y z (in bohrs)
#
$atoms
4
 N     14.00700     -0.000002319545     0.000000002416     0.072487142001
 H      1.00800      0.937813473569    -0.000000029521    -0.335759692919
 H      1.00800     -0.468890636556     0.812171374990    -0.335754772072
 H      1.00800     -0.468890604997    -0.812171379040    -0.335754779064

$actual_temperature
  0.000000

$frequency_scale_factor
  1.000000

$dipole_derivatives
12
   -8.2051328686E-01   -1.3819092415E-08   -1.1000322257E-04
   -1.1344113233E-08   -8.2174167019E-01   -6.8581066206E-09
   -1.4975916272E-04    1.4274176781E-08   -1.1122022454E+00
    2.3224907441E-01   -3.7126156934E-10    2.3243503396E-01
    1.2806054854E-08    3.1584841588E-01   -7.5787841154E-09
    2.7951796091E-01    5.1213122317E-10    3.7030151411E-01
    2.9418180943E-01    3.6333908562E-02   -1.1617929244E-01
    3.5694445783E-02    2.5291332399E-01    2.0105105977E-01
   -1.3970819888E-01    2.4200813226E-01    3.7087763767E-01
    2.9418180549E-01   -3.6333894327E-02   -1.1617927586E-01
   -3.5694447346E-02    2.5291330823E-01   -2.0105104514E-01
   -1.3970820603E-01   -2.4200814695E-01    3.7087762437E-01

#
# The IR spectrum
#  wavenumber eps Int TX TY TZ
#
$ir_spectrum
12
      0.00   0.00000000   0.00000000     0.000000     0.000000     0.000000
      0.00   0.00000000   0.00000000     0.000000     0.000000     0.000000
      0.00   0.00000000   0.00000000     0.000000     0.000000     0.000000
      0.00   0.00000000   0.00000000     0.000000     0.000000     0.000000
      0.00   0.00000000   0.00000000     0.000000     0.000000     0.000000
      0.00   0.00000000   0.00000000     0.000000     0.000000     0.000000
  -8104.36   0.00000000   0.00000000     0.000000     0.000000     0.000000
  -7294.60   0.00000000   0.00000000     0.000000     0.000000     0.000000
  -7292.90   0.00000000   0.00000000     0.000000     0.000000     0.000000
  15172.05   0.00098535   4.97956783     0.000002    -0.000000     0.004502
  15880.11   0.00611874  30.92161985     0.010965    -0.000000     0.000018
  15880.72   0.00610079  30.83088316    -0.000000    -0.010949    -0.000000


$end

