*************************************************
******************* ORCA 6.0.1 ******************
*************************************************
$Calculation_Status
   &GeometryIndex 1
   &ListStatus       OUT
   &VERSION [&Type "String"] "6.0.1"
   &PROGNAME [&Type "String"] "LeanSCF"
   &STATUS [&Type "String"] "NORMAL TERMINATION"
$End
$Geometry
   &GeometryIndex 1
   &ListStatus       OUT
   &NATOMS [&Type "Integer"] 4
   &NCORELESSECP [&Type "Integer"] 0
   &NGHOSTATOMS [&Type "Integer"] 0
   &CartesianCoordinates [&Type "Coordinates", &Dim(4,4), &Units "Bohr"] 
              N     -0.002290537992   -0.000514974560    0.156184800486
              H      0.917662694431    0.022300630516   -0.286426289951
              H     -0.388006214137    0.865854366200   -0.241623033824
              H     -0.411170541715   -0.861486295989   -0.228204801730
$End
$SCF_Energy
   &GeometryIndex 1
   &ListStatus       OUT
   &SCF_ENERGY [&Type "Double"]      -5.4584709097346249e+01
$End
$DFT_Energy
   &GeometryIndex 1
   &ListStatus       OUT
   &NALPHAEL [&Type "Integer"] 5
   &NBETAEL [&Type "Integer"] 5
   &NTOTALEL [&Type "Integer"] 10
   &EEXCHANGE [&Type "Double"]      -6.8091461166873062e+00
   &ECORR [&Type "Double"]      -4.0799393718335836e-01
   &ECNL [&Type "Double"]       0.0000000000000000e+00
   &EXC [&Type "Double"]      -7.2171400538706649e+00
   &EEMBED [&Type "Double"]       0.0000000000000000e+00
   &FINALEN [&Type "Double"]      -5.4584709097346249e+01  "No Van der Waals correction"
$End
$Mulliken_Population_Analysis
   &GeometryIndex 1
   &ListStatus       OUT
   &NATOMS [&Type "Integer"] 4
   &ATNO [&Type "ArrayOfIntegers", &Dim (4,1)] 
                                                         0

0                                                        7
1                                                        1
2                                                        1
3                                                        1
   &ATOMICCHARGES [&Type "ArrayOfDoubles", &Dim (4,1)] 
                                                         0

0                                      9.3593752357462012e-01
1                                     -2.8611735553798678e-01
2                                     -3.1798698942129411e-01
3                                     -3.3183317861532702e-01
$End
$Loewdin_Population_Analysis
   &GeometryIndex 1
   &ListStatus       OUT
   &NATOMS [&Type "Integer"] 4
   &ATNO [&Type "ArrayOfIntegers", &Dim (4,1)] 
                                                         0

0                                                        7
1                                                        1
2                                                        1
3                                                        1
   &ATOMICCHARGES [&Type "ArrayOfDoubles", &Dim (4,1)] 
                                                         0

0                                      4.1312463090131857e-01
1                                     -1.3525916675546679e-01
2                                     -1.3765450859469697e-01
3                                     -1.4021095555114949e-01
$End
$Mayer_Population_Analysis
   &GeometryIndex 1
   &ListStatus       OUT
   &NATOMS [&Type "Integer"] 4 "Total number of atoms"
   &BONDTHRESH [&Type "Double"]       1.0000000000000001e-01  "The threshold for printing"
   &NBONDORDERSPRINT [&Type "Integer"] 6 "The number of bond orders larger than threshold"
   &BONDORDERS [&Type "ArrayOfDoubles", &Dim (6,1)] "The bond orders"
                                                         0

0                                      3.1687455927908209e-01
1                                      3.4200318262289309e-01
2                                      3.4113316074412692e-01
3                                      2.4821820824483645e-01
4                                      2.5046691671209692e-01
5                                      2.4458234641805066e-01
   &COMPONENTS [&Type "ArrayOfIntegers", &Dim (6,4)] "The indices and atomic numbers of the bonding atoms"
                                                         0                           1                           2                           3

0                                                        0                           7                           1                           1
1                                                        0                           7                           2                           1
2                                                        0                           7                           3                           1
3                                                        1                           1                           2                           1
4                                                        1                           1                           3                           1
5                                                        2                           1                           3                           1
   &ATNO [&Type "ArrayOfIntegers", &Dim (4,1)] "Atomic number of the elements"
                                                         0

0                                                        7
1                                                        1
2                                                        1
3                                                        1
   &NA [&Type "ArrayOfDoubles", &Dim (4,1)] "Mulliken gross atomic population"
                                                         0

0                                      6.0640624764253754e+00
1                                      1.2861173555379863e+00
2                                      1.3179869894212937e+00
3                                      1.3318331786153275e+00
   &ZA [&Type "ArrayOfDoubles", &Dim (4,1)] "Total nuclear charge"
                                                         0

0                                      7.0000000000000000e+00
1                                      1.0000000000000000e+00
2                                      1.0000000000000000e+00
3                                      1.0000000000000000e+00
   &QA [&Type "ArrayOfDoubles", &Dim (4,1)] "Mulliken gross atomic charge"
                                                         0

0                                      9.3593752357462456e-01
1                                     -2.8611735553798634e-01
2                                     -3.1798698942129366e-01
3                                     -3.3183317861532746e-01
   &VA [&Type "ArrayOfDoubles", &Dim (4,1)] "Mayer's total valence"
                                                         0

0                                      1.0000109026460828e+00
1                                      8.1555968423602432e-01
2                                      8.3480373728578960e-01
3                                      8.3618242387428299e-01
   &BVA [&Type "ArrayOfDoubles", &Dim (4,1)] "Mayer's bonded valence"
                                                         0

0                                      1.0000109026461019e+00
1                                      8.1555968423601555e-01
2                                      8.3480373728578017e-01
3                                      8.3618242387427455e-01
   &FA [&Type "ArrayOfDoubles", &Dim (4,1)] "Mayer's free valence"
                                                         0

0                                      0.0000000000000000e+00
1                                      0.0000000000000000e+00
2                                      0.0000000000000000e+00
3                                      0.0000000000000000e+00
$End
$SCF_Nuc_Gradient
   &GeometryIndex 1
   &ListStatus       OUT
   &NATOMS [&Type "Integer"] 4
   &ROOT [&Type "Integer"] 0
   &GRADNORM [&Type "Double"]       5.0502436008878995e+00
   &GRAD [&Type "ArrayOfDoubles", &Dim (12,1)] 
                                                         0

0                                      3.0213722022973655e-01
1                                      4.7350998212507454e-02
2                                     -2.7772902384507012e+00
3                                     -2.2511142395732513e+00
4                                     -4.2066268020368586e-02
5                                      1.0155941576033674e+00
6                                      9.5293179337442069e-01
7                                     -2.0207014250792197e+00
8                                      8.9232890055064240e-01
9                                      9.9604522590437283e-01
10                                     2.0154166948892702e+00
11                                     8.6936718041277561e-01
$End
$SCF_Dipole_Moment
   &GeometryIndex 1
   &ListStatus       OUT
   &METHOD [&Type "String"] "SCF"
   &LEVEL [&Type "String"] "Relaxed density"
   &MULT [&Type "Integer"] 1
   &STATE [&Type "Integer"] -1
   &IRREP [&Type "Integer"] 0
   &NATOMS [&Type "Integer"] 4
   &DODIPOLEATOM [&Type "Boolean"] false
   &DIPOLEELECCONTRIB [&Type "ArrayOfDoubles", &Dim (3,1)] "Electronic contribution"
                                                         0

0                                     -2.2515173376200178e-02
1                                     -5.6998105051845709e-03
2                                     -2.2539068269766621e-01
   &DIPOLENUCCONTRIB [&Type "ArrayOfDoubles", &Dim (3,1)] "Nuclear contribution"
                                                         0

0                                      5.1163193459300482e-02
1                                      1.1515055091146920e-02
2                                     -4.9989102641750133e-01
   &DIPOLETOTAL [&Type "ArrayOfDoubles", &Dim (3,1)] "Total"
                                                         0

0                                      2.8648020083100304e-02
1                                      5.8152445859623488e-03
2                                     -7.2528170911516754e-01
   &DIPOLEMAGNITUDE [&Type "Double", &Units "a.u."]       7.2587056952413687e-01
$End
$SCF_Polarizability
   &GeometryIndex 1
   &ListStatus       OUT
   &METHOD [&Type "String"] "SCF"
   &LEVEL [&Type "String"] "Relaxed density"
   &MULT [&Type "Integer"] 1
   &STATE [&Type "Integer"] -1
   &IRREP [&Type "Integer"] 0
   &NATOMS [&Type "Integer"] 4
   &DODIPOLEATOM [&Type "Boolean"] false
   &RAWCARTESIAN [&Type "ArrayOfDoubles", &Units "a.u", &Dim (3,3)] 
                                                         0                           1                           2

0                                      3.4453659912037153e+00         5.9139915911293438e-03         3.7462670493771208e-02
1                                      5.9139915911293438e-03         3.4743102537811956e+00         1.1184472752457297e-03
2                                      3.7462670493771208e-02         1.1184472752457297e-03         3.7946954664551611e+00
   &DIAGONALIZEDTENSOR [&Type "ArrayOfDoubles", &Dim (3,1)] 
                                                         0

0                                      3.4404135267419615e+00
1                                      3.4752810397123026e+00
2                                      3.7986771449858074e+00
   &ORIENTATION [&Type "ArrayOfDoubles", &Dim (3,3)] 
                                                         0                           1                           2

0                                      9.8043527905483863e-01        -1.6616339876134145e-01         1.0552908839149491e-01
1                                     -1.6765407391059128e-01        -9.8583135403726518e-01         5.3528402025843358e-03
2                                     -1.0314443797821790e-01         2.2940494962661741e-02         9.9440180943370449e-01
   &ISOTROPICPOLAR [&Type "Double"]       3.5714572371466904e+00
$End
$THERMOCHEMISTRY_Energies
   &GeometryIndex 1
   &ListStatus       OUT
   &TEMPERATURE [&Type "Double"]       2.9814999999999998e+02
   &PRESSURE [&Type "Double"]       1.0000000000000000e+00
   &TOTALMASS [&Type "Double"]       1.7030999999999999e+01
   &SPINDEGENERACY [&Type "Integer"] 1
   &ELENERGY [&Type "Double"]      -5.4584709097346249e+01
   &TRANSENERGY [&Type "Double"]       1.4162714244859817e-03
   &ROTENERGY [&Type "Double"]       1.4162714244859817e-03
   &VIBENERGY [&Type "Double"]       1.8438296777248515e-33
   &NUMOFFREQS [&Type "Integer"] 12
   &FREQSCALINGFACTOR [&Type "Double"]       1.0000000000000000e+00
   &FREQ [&Type "ArrayOfDoubles", &Dim (12,1)] "In cm^-1"
                                                         0

0                                      0.0000000000000000e+00
1                                      0.0000000000000000e+00
2                                      0.0000000000000000e+00
3                                      0.0000000000000000e+00
4                                      0.0000000000000000e+00
5                                      0.0000000000000000e+00
6                                     -8.0593821036138797e+03
7                                     -7.3588635720874208e+03
8                                     -7.1057336055719443e+03
9                                      1.5077167762652227e+04
10                                     1.5781660248841205e+04
11                                     1.5833941224781065e+04
   &ZPE [&Type "Double"]       1.0637395540754298e-01
   &INNERENERGYU [&Type "Double"]      -5.4475502599089729e+01
   &ENTHALPYH [&Type "Double"]      -5.4474558390047470e+01
   &QEL [&Type "Double"]       0.0000000000000000e+00
   &QROT [&Type "Double"]       4.6970665798072280e-03
   &QVIB [&Type "Double"]      -5.2723405121968343e-12
   &QTRANS [&Type "Double"]       1.6364250539629886e-02
   &ENTROPYS [&Type "Double"]       2.1061317114164774e-02
   &FREEENERGYG [&Type "Double"]      -5.4495619707161637e+01
   &ISLINEAR [&Type "Boolean"] false
$End
$Hessian
   &GeometryIndex 1
   &ListStatus       OUT
   &HESSIAN [&Type "ArrayOfDoubles", &Dim (12,12)] "The Hessian"
                                                         0                           1                           2                           3                           4                           5                           6                           7

0                                      5.9442578011134959e+00         4.0597260243131350e-01        -1.1063752528281099e+00        -6.7169681811002437e+00        -2.2021050481815255e-01         4.4686837554662029e+00         4.7358381440821273e-01         3.4054546830501904e+00
1                                      4.0597260243131350e-01         8.9171377075148150e+00        -2.1847524802679574e-01        -1.9797950278772236e-01         2.0020278079715346e+00         9.6826883603238115e-02         3.3013185670586838e+00        -5.4857790677022429e+00
2                                     -1.1063752528281099e+00        -2.1847524802679574e-01        -1.3591037529282235e+00         4.1315848786579901e+00         1.0613362242179300e-01         1.4997306510031222e-01        -1.4871959354741717e+00         3.3846529987176970e+00
3                                     -6.7169681811002437e+00        -1.9797950278772236e-01         4.1315848786579901e+00         6.7491343902398713e+00         1.9548196492597436e-01        -4.2753890748781522e+00        -2.7174243039968460e-02        -8.9279125012424188e-02
4                                     -2.2021050481815255e-01         2.0020278079715346e+00         1.0613362242179300e-01         1.9548196492597436e-01        -2.0722299343308999e+00        -1.0563900847855887e-01         1.9305554565366032e-01         2.9472683101537833e-02
5                                      4.4686837554662029e+00         9.6826883603238115e-02         1.4997306510031222e-01        -4.2753890748781522e+00        -1.0563900847855887e-01        -2.6004426651344781e-01        -9.7620499063810498e-02         4.2708941016002380e-02
6                                      4.7358381440821273e-01         3.3013185670586838e+00        -1.4871959354741717e+00        -2.7174243039968460e-02         1.9305554565366032e-01        -9.7620499063810498e-02        -5.0762921200773103e-01        -3.4065523123349575e+00
7                                      3.4054546830501904e+00        -5.4857790677022429e+00         3.3846529987176970e+00        -8.9279125012424188e-02         2.9472683101537833e-02         4.2708941016002380e-02        -3.4065523123349575e+00         5.4194078396778309e+00
8                                     -1.6635224661008550e+00         3.6263919135281451e+00         5.4960560955036253e-01         7.8173925078008771e-02        -7.1586120961171867e-02         5.8733168692085433e-02         1.5458065523679703e+00        -3.4892172704236848e+00
9                                      2.9912656557853490e-01        -3.5092989670451087e+00        -1.5381108324383979e+00        -4.9919660996594062e-03        -1.6828714292770483e-01        -9.5605774865886436e-02         6.1219640639486796e-02         9.0316058814175787e-02
10                                    -3.5912294803205178e+00        -5.4333864477841072e+00        -3.2723051432499255e+00         9.1736800040394889e-02         4.0729443257827652e-02        -3.3880190525317697e-02        -8.7761104894371528e-02         3.6898544922873533e-02
11                                    -1.6986888944545484e+00        -3.5047497789673563e+00         6.5952507827754869e-01         6.5561864483799290e-02         7.1074881402573814e-02         5.1338032721050163e-02         3.8975603171936976e-02         6.1890198799176580e-02
                                                         8                           9                          10                          11

0                                     -1.6635224661008550e+00         2.9912656557853490e-01        -3.5912294803205178e+00        -1.6986888944545484e+00
1                                      3.6263919135281451e+00        -3.5092989670451087e+00        -5.4333864477841072e+00        -3.5047497789673563e+00
2                                      5.4960560955036253e-01        -1.5381108324383979e+00        -3.2723051432499255e+00         6.5952507827754869e-01
3                                      7.8173925078008771e-02        -4.9919660996594062e-03         9.1736800040394889e-02         6.5561864483799290e-02
4                                     -7.1586120961171867e-02        -1.6828714292770483e-01         4.0729443257827652e-02         7.1074881402573814e-02
5                                      5.8733168692085433e-02        -9.5605774865886436e-02        -3.3880190525317697e-02         5.1338032721050163e-02
6                                      1.5458065523679703e+00         6.1219640639486796e-02        -8.7761104894371528e-02         3.8975603171936976e-02
7                                     -3.4892172704236848e+00         9.0316058814175787e-02         3.6898544922873533e-02         6.1890198799176580e-02
8                                     -6.3703127384645009e-01         3.9576267652951219e-02        -6.5623390252479652e-02         2.8692495604002138e-02
9                                      3.9576267652951219e-02        -3.5535424011836231e-01         3.5872619181665657e+00         1.5941458832250728e+00
10                                    -6.5623390252479652e-02         3.5872619181665657e+00         5.3557584596034058e+00         3.3717967113966640e+00
11                                     2.8692495604002138e-02         1.5941458832250728e+00         3.3717967113966640e+00        -7.3955560660260100e-01
   &MODES [&Type "ArrayOfDoubles", &Dim (12,12)] "The modes of vibrations"
                                                         0                           1                           2                           3                           4                           5                           6                           7

0                                      0.0000000000000000e+00         0.0000000000000000e+00         0.0000000000000000e+00         0.0000000000000000e+00         0.0000000000000000e+00         0.0000000000000000e+00        -7.8920638084032102e-03        -6.3390585772101979e-02
1                                      0.0000000000000000e+00         0.0000000000000000e+00         0.0000000000000000e+00         0.0000000000000000e+00         0.0000000000000000e+00         0.0000000000000000e+00        -1.8103353477287895e-03         1.1897315863399219e-02
2                                      0.0000000000000000e+00         0.0000000000000000e+00         0.0000000000000000e+00         0.0000000000000000e+00         0.0000000000000000e+00         0.0000000000000000e+00        -1.0159566946956490e-01         1.0832373537718045e-02
3                                      0.0000000000000000e+00         0.0000000000000000e+00         0.0000000000000000e+00         0.0000000000000000e+00         0.0000000000000000e+00         0.0000000000000000e+00         2.1321392067039172e-01        -1.9120171349198645e-01
4                                      0.0000000000000000e+00         0.0000000000000000e+00         0.0000000000000000e+00         0.0000000000000000e+00         0.0000000000000000e+00         0.0000000000000000e+00         2.2295054259806973e-02        -1.4460886127341999e-01
5                                      0.0000000000000000e+00         0.0000000000000000e+00         0.0000000000000000e+00         0.0000000000000000e+00         0.0000000000000000e+00         0.0000000000000000e+00         3.8504545293585046e-01        -2.9952852903919752e-01
6                                      0.0000000000000000e+00         0.0000000000000000e+00         0.0000000000000000e+00         0.0000000000000000e+00         0.0000000000000000e+00         0.0000000000000000e+00        -3.9922492530637357e-02         4.6872898681967240e-01
7                                      0.0000000000000000e+00         0.0000000000000000e+00         0.0000000000000000e+00         0.0000000000000000e+00         0.0000000000000000e+00         0.0000000000000000e+00         2.4673209171021226e-01         2.9516470167879572e-01
8                                      0.0000000000000000e+00         0.0000000000000000e+00         0.0000000000000000e+00         0.0000000000000000e+00         0.0000000000000000e+00         0.0000000000000000e+00         4.9839919967503959e-01         1.1759640676731450e-01
9                                      0.0000000000000000e+00         0.0000000000000000e+00         0.0000000000000000e+00         0.0000000000000000e+00         0.0000000000000000e+00         0.0000000000000000e+00        -6.3624624802151308e-02         6.0333774146381502e-01
10                                     0.0000000000000000e+00         0.0000000000000000e+00         0.0000000000000000e+00         0.0000000000000000e+00         0.0000000000000000e+00         0.0000000000000000e+00        -2.4387102770053778e-01        -3.1587895875719407e-01
11                                     0.0000000000000000e+00         0.0000000000000000e+00         0.0000000000000000e+00         0.0000000000000000e+00         0.0000000000000000e+00         0.0000000000000000e+00         5.2831183772660584e-01         3.1407264987342746e-02
                                                         8                           9                          10                          11

0                                      1.1268499634965430e-02        -9.1061309885948783e-03        -4.2146737501655387e-02         5.7415637455945918e-02
1                                      5.8094514031392396e-02         7.5597298055477143e-04         6.3196264574447811e-02         4.9180473473001696e-02
2                                     -4.8746239667432217e-03        -4.5259304749422538e-02         6.4660340490871196e-03        -9.3584860451763931e-03
3                                      5.8568937346271548e-02        -3.7036188045359708e-01         4.7704690268596406e-01        -6.2984666348482454e-01
4                                     -7.3467500562956467e-01        -7.5593993139330658e-03         2.2178780067370254e-02        -6.7193461775736261e-03
5                                      6.4866528800177611e-02         1.6659969031469463e-01        -2.2533952852615363e-01         2.9643909455598078e-01
6                                     -4.8321500730908484e-01         2.4207609403718980e-01         2.6479487339670438e-01         7.9188650918390904e-02
7                                     -8.2704465124936663e-02        -5.3392991435527548e-01        -5.9475435856594894e-01        -1.4893260807251876e-01
8                                      2.0562351197756235e-01         2.3497523639198653e-01         2.6980186218069607e-01         6.6609912572710275e-02
9                                      2.6806087711860621e-01         2.5482306494542373e-01        -1.5617773621591549e-01        -2.4718011624848182e-01
10                                     1.0107786193277565e-02         5.3098443912691629e-01        -3.0558918131718599e-01        -5.2775170838516061e-01
11                                    -2.0275307857320377e-01         2.2734082887383641e-01        -1.3431326512831543e-01        -2.3300504479259410e-01
$End
