*************************************************
******************* ORCA 6.0.1 ******************
*************************************************
$Calculation_Status
   &GeometryIndex 1
   &ListStatus       OUT
   &VERSION [&Type "String"] "6.0.1"
   &PROGNAME [&Type "String"] "LeanSCF"
   &STATUS [&Type "String"] "NORMAL TERMINATION"
$End
$Geometry
   &GeometryIndex 1
   &ListStatus       OUT
   &NATOMS [&Type "Integer"] 3
   &NCORELESSECP [&Type "Integer"] 0
   &NGHOSTATOMS [&Type "Integer"] 0
   &CartesianCoordinates [&Type "Coordinates", &Dim(3,4), &Units "Bohr"] 
              O     -0.001532781245   -0.014263594277   -0.000000000000
              H      0.805599919107    0.625602921493    0.000000266640
              H     -0.708685018209    0.548657179573   -0.000000104691
$End
$SCF_Energy
   &GeometryIndex 1
   &ListStatus       OUT
   &SCF_ENERGY [&Type "Double"]      -7.4827507969566142e+01
$End
$DFT_Energy
   &GeometryIndex 1
   &ListStatus       OUT
   &NALPHAEL [&Type "Integer"] 5
   &NBETAEL [&Type "Integer"] 5
   &NTOTALEL [&Type "Integer"] 10
   &EEXCHANGE [&Type "Double"]      -7.6603665044538705e+00
   &ECORR [&Type "Double"]      -4.2280703229529276e-01
   &ECNL [&Type "Double"]       0.0000000000000000e+00
   &EXC [&Type "Double"]      -8.0831735367491628e+00
   &EEMBED [&Type "Double"]       0.0000000000000000e+00
   &FINALEN [&Type "Double"]      -7.4827507969566142e+01  "No Van der Waals correction"
$End
$Mulliken_Population_Analysis
   &GeometryIndex 1
   &ListStatus       OUT
   &NATOMS [&Type "Integer"] 3
   &ATNO [&Type "ArrayOfIntegers", &Dim (3,1)] 
                                                         0

0                                                        8
1                                                        1
2                                                        1
   &ATOMICCHARGES [&Type "ArrayOfDoubles", &Dim (3,1)] 
                                                         0

0                                      4.1405260681914413e-01
1                                     -1.4542211905193314e-01
2                                     -2.6863048776721410e-01
$End
$Loewdin_Population_Analysis
   &GeometryIndex 1
   &ListStatus       OUT
   &NATOMS [&Type "Integer"] 3
   &ATNO [&Type "ArrayOfIntegers", &Dim (3,1)] 
                                                         0

0                                                        8
1                                                        1
2                                                        1
   &ATOMICCHARGES [&Type "ArrayOfDoubles", &Dim (3,1)] 
                                                         0

0                                      5.6012267716408637e-01
1                                     -2.1396542067371493e-01
2                                     -3.4615725649036677e-01
$End
$Mayer_Population_Analysis
   &GeometryIndex 1
   &ListStatus       OUT
   &NATOMS [&Type "Integer"] 3 "Total number of atoms"
   &BONDTHRESH [&Type "Double"]       1.0000000000000001e-01  "The threshold for printing"
   &NBONDORDERSPRINT [&Type "Integer"] 3 "The number of bond orders larger than threshold"
   &BONDORDERS [&Type "ArrayOfDoubles", &Dim (3,1)] "The bond orders"
                                                         0

0                                      9.5548644784301107e-01
1                                      9.1594213425300963e-01
2                                      1.4780724315818666e-01
   &COMPONENTS [&Type "ArrayOfIntegers", &Dim (3,4)] "The indices and atomic numbers of the bonding atoms"
                                                         0                           1                           2                           3

0                                                        0                           8                           1                           1
1                                                        0                           8                           2                           1
2                                                        1                           1                           2                           1
   &ATNO [&Type "ArrayOfIntegers", &Dim (3,1)] "Atomic number of the elements"
                                                         0

0                                                        8
1                                                        1
2                                                        1
   &NA [&Type "ArrayOfDoubles", &Dim (3,1)] "Mulliken gross atomic population"
                                                         0

0                                      7.5859473931808532e+00
1                                      1.1454221190519327e+00
2                                      1.2686304877672139e+00
   &ZA [&Type "ArrayOfDoubles", &Dim (3,1)] "Total nuclear charge"
                                                         0

0                                      8.0000000000000000e+00
1                                      1.0000000000000000e+00
2                                      1.0000000000000000e+00
   &QA [&Type "ArrayOfDoubles", &Dim (3,1)] "Mulliken gross atomic charge"
                                                         0

0                                      4.1405260681914680e-01
1                                     -1.4542211905193270e-01
2                                     -2.6863048776721388e-01
   &VA [&Type "ArrayOfDoubles", &Dim (3,1)] "Mayer's total valence"
                                                         0

0                                      1.8714285820960417e+00
1                                      1.1032936910011859e+00
2                                      1.0637493774111739e+00
   &BVA [&Type "ArrayOfDoubles", &Dim (3,1)] "Mayer's bonded valence"
                                                         0

0                                      1.8714285820960206e+00
1                                      1.1032936910011977e+00
2                                      1.0637493774111964e+00
   &FA [&Type "ArrayOfDoubles", &Dim (3,1)] "Mayer's free valence"
                                                         0

0                                      0.0000000000000000e+00
1                                      0.0000000000000000e+00
2                                      0.0000000000000000e+00
$End
$SCF_Nuc_Gradient
   &GeometryIndex 1
   &ListStatus       OUT
   &NATOMS [&Type "Integer"] 3
   &ROOT [&Type "Integer"] 0
   &GRADNORM [&Type "Double"]       6.0736552261495671e+00
   &GRAD [&Type "ArrayOfDoubles", &Dim (9,1)] 
                                                         0

0                                     -1.1911509172565251e+00
1                                      3.8094226648379230e+00
2                                      1.3745379345836055e-07
3                                     -1.9092700742483293e+00
4                                     -1.4330264819212619e+00
5                                     -6.1572542127591323e-07
6                                      3.1004209916243699e+00
7                                     -2.3763961831854781e+00
8                                      4.7827160825186659e-07
$End
$SCF_Dipole_Moment
   &GeometryIndex 1
   &ListStatus       OUT
   &METHOD [&Type "String"] "SCF"
   &LEVEL [&Type "String"] "Relaxed density"
   &MULT [&Type "Integer"] 1
   &STATE [&Type "Integer"] -1
   &IRREP [&Type "Integer"] 0
   &NATOMS [&Type "Integer"] 3
   &DODIPOLEATOM [&Type "Boolean"] false
   &DIPOLEELECCONTRIB [&Type "ArrayOfDoubles", &Dim (3,1)] "Electronic contribution"
                                                         0

0                                     -2.5835965018237740e-02
1                                      1.4121449812544729e-01
2                                      7.8915417635011882e-09
   &DIPOLENUCCONTRIB [&Type "ArrayOfDoubles", &Dim (3,1)] "Nuclear contribution"
                                                         0

0                                      4.4038022591211479e-02
1                                      5.2978724080693684e-01
2                                      7.1333329677051325e-08
   &DIPOLETOTAL [&Type "ArrayOfDoubles", &Dim (3,1)] "Total"
                                                         0

0                                      1.8202057572973739e-02
1                                      6.7100173893238413e-01
2                                      7.9224871440552508e-08
   &DIPOLEMAGNITUDE [&Type "Double", &Units "a.u."]       6.7124857433753971e-01
$End
$SCF_Polarizability
   &GeometryIndex 1
   &ListStatus       OUT
   &METHOD [&Type "String"] "SCF"
   &LEVEL [&Type "String"] "Relaxed density"
   &MULT [&Type "Integer"] 1
   &STATE [&Type "Integer"] -1
   &IRREP [&Type "Integer"] 0
   &NATOMS [&Type "Integer"] 3
   &DODIPOLEATOM [&Type "Boolean"] false
   &RAWCARTESIAN [&Type "ArrayOfDoubles", &Units "a.u", &Dim (3,3)] 
                                                         0                           1                           2

0                                      2.4950691604554254e+00         1.1359233293919188e-01        -1.0410893476638760e-07
1                                      1.1359233293919188e-01         2.2948937630469657e+00        -5.4935811173283921e-08
2                                     -1.0410893476638760e-07        -5.4935811173283921e-08         2.9770408373781172e+00
   &DIAGONALIZEDTENSOR [&Type "ArrayOfDoubles", &Dim (3,1)] 
                                                         0

0                                      2.2435854065368113e+00
1                                      2.5463775169655478e+00
2                                      2.9770408373781492e+00
   &ORIENTATION [&Type "ArrayOfDoubles", &Dim (3,3)] 
                                                         0                           1                           2

0                                      4.1164398552546227e-01         9.1134473673832850e-01        -2.4458580156548540e-07
1                                     -9.1134473673836114e-01         4.1164398552544423e-01        -1.2126253426800943e-07
2                                     -9.8296982093497258e-09         2.7281897583863972e-07         9.9999999999996281e-01
   &ISOTROPICPOLAR [&Type "Double"]       2.5890012536268356e+00
$End
$THERMOCHEMISTRY_Energies
   &GeometryIndex 1
   &ListStatus       OUT
   &TEMPERATURE [&Type "Double"]       2.9814999999999998e+02
   &PRESSURE [&Type "Double"]       1.0000000000000000e+00
   &TOTALMASS [&Type "Double"]       1.8015000000000001e+01
   &SPINDEGENERACY [&Type "Integer"] 1
   &ELENERGY [&Type "Double"]      -7.4827507969566142e+01
   &TRANSENERGY [&Type "Double"]       1.4162714244859817e-03
   &ROTENERGY [&Type "Double"]       1.4162714244859817e-03
   &VIBENERGY [&Type "Double"]       1.7820716444236839e-35
   &NUMOFFREQS [&Type "Integer"] 9
   &FREQSCALINGFACTOR [&Type "Double"]       1.0000000000000000e+00
   &FREQ [&Type "ArrayOfDoubles", &Dim (9,1)] "In cm^-1"
                                                         0

0                                      0.0000000000000000e+00
1                                      0.0000000000000000e+00
2                                      0.0000000000000000e+00
3                                      0.0000000000000000e+00
4                                      0.0000000000000000e+00
5                                      0.0000000000000000e+00
6                                     -9.1160340798937814e+03
7                                      1.6038867236121467e+04
8                                      2.0549182254725922e+04
   &ZPE [&Type "Double"]       8.3353709977962973e-02
   &INNERENERGYU [&Type "Double"]      -7.4741321716739208e+01
   &ENTHALPYH [&Type "Double"]      -7.4740377507696948e+01
   &QEL [&Type "Double"]       0.0000000000000000e+00
   &QROT [&Type "Double"]       3.8468467735628697e-03
   &QVIB [&Type "Double"]      -2.2243247666702305e-12
   &QTRANS [&Type "Double"]       1.6443801841798250e-02
   &ENTROPYS [&Type "Double"]       2.0290648613136796e-02
   &FREEENERGYG [&Type "Double"]      -7.4760668156310089e+01
   &ISLINEAR [&Type "Boolean"] false
$End
$Hessian
   &GeometryIndex 1
   &ListStatus       OUT
   &HESSIAN [&Type "ArrayOfDoubles", &Dim (9,9)] "The Hessian"
                                                         0                           1                           2                           3                           4                           5                           6                           7

0                                      1.2654524610731071e+01        -3.8342942153500146e+00         4.1221528360454845e-06        -4.9055258127673511e+00        -5.6787925338335752e+00        -2.3568120658513749e-06        -7.7489987979637203e+00         9.5131533718578858e+00
1                                     -3.8342942153500146e+00         5.6404129136687740e+00         4.8427664817990594e-07        -5.3172351196994470e+00        -2.2657180134354351e+00        -1.7956328513591799e-06         9.1514627123751655e+00        -3.3746949002333384e+00
2                                      4.1221528360454845e-06         4.8427664817990594e-07        -6.4623252504724515e+00        -2.3139594446398911e-06        -1.8724746503717363e-06         2.2315021183430579e+00        -1.7928783056623800e-06         1.3808209991451681e-06
3                                     -4.9055258127673511e+00        -5.3172351196994470e+00        -2.3139594446398911e-06         4.9682863248519755e+00         5.5056439194558626e+00         2.3720923412915129e-06        -6.2760512084624132e-02        -1.8863163580034981e-01
4                                     -5.6787925338335752e+00        -2.2657180134354351e+00        -1.8724746503717363e-06         5.5056439194558626e+00         2.1879469978862969e+00         1.8260035076720576e-06         1.7337145042164717e-01         7.7771015549138067e-02
5                                     -2.3568120658513749e-06        -1.7956328513591799e-06         2.2315021183430579e+00         2.3720923412915129e-06         1.8260035076720576e-06        -2.3029567863786444e+00        -1.7910720099114254e-08        -2.4711453232426229e-08
6                                     -7.7489987979637203e+00         9.1514627123751655e+00        -1.7928783056623800e-06        -6.2760512084624132e-02         1.7337145042164717e-01        -1.7910720099114254e-08         7.8117593100483447e+00        -9.3246779494271745e+00
7                                      9.5131533718578858e+00        -3.3746949002333384e+00         1.3808209991451681e-06        -1.8863163580034981e-01         7.7771015549138067e-02        -2.4711453232426229e-08        -9.3246779494271745e+00         3.2969238846842002e+00
8                                     -1.7806558559373222e-06         1.3187332062259362e-06         4.2308231321293936e+00        -5.5502451992645506e-08         4.0811939619227207e-08         7.1454668035586366e-02         1.8234736668457310e-06        -1.3578273458789527e-06
                                                         8

0                                     -1.7806558559373222e-06
1                                      1.3187332062259362e-06
2                                      4.2308231321293936e+00
3                                     -5.5502451992645506e-08
4                                      4.0811939619227207e-08
5                                      7.1454668035586366e-02
6                                      1.8234736668457310e-06
7                                     -1.3578273458789527e-06
8                                     -4.3022778001649797e+00
   &MODES [&Type "ArrayOfDoubles", &Dim (9,9)] "The modes of vibrations"
                                                         0                           1                           2                           3                           4                           5                           6                           7

0                                      0.0000000000000000e+00         0.0000000000000000e+00         0.0000000000000000e+00         0.0000000000000000e+00         0.0000000000000000e+00         0.0000000000000000e+00        -3.8503114020205500e-03        -4.5013465018258890e-02
1                                      0.0000000000000000e+00         0.0000000000000000e+00         0.0000000000000000e+00         0.0000000000000000e+00         0.0000000000000000e+00         0.0000000000000000e+00        -6.4986638917328157e-02        -3.8405143682861111e-02
2                                      0.0000000000000000e+00         0.0000000000000000e+00         0.0000000000000000e+00         0.0000000000000000e+00         0.0000000000000000e+00         0.0000000000000000e+00        -8.3786952678847828e-09        -1.5182540454427730e-08
3                                      0.0000000000000000e+00         0.0000000000000000e+00         0.0000000000000000e+00         0.0000000000000000e+00         0.0000000000000000e+00         0.0000000000000000e+00        -4.1040442498662805e-01         7.6572639651230945e-01
4                                      0.0000000000000000e+00         0.0000000000000000e+00         0.0000000000000000e+00         0.0000000000000000e+00         0.0000000000000000e+00         0.0000000000000000e+00         4.8354732023240188e-01         5.8916107844977317e-01
5                                      0.0000000000000000e+00         0.0000000000000000e+00         0.0000000000000000e+00         0.0000000000000000e+00         0.0000000000000000e+00         0.0000000000000000e+00        -4.2760713016045047e-08         2.5090991580594377e-07
6                                      0.0000000000000000e+00         0.0000000000000000e+00         0.0000000000000000e+00         0.0000000000000000e+00         0.0000000000000000e+00         0.0000000000000000e+00         4.7151665923357911e-01        -5.1271607993336972e-02
7                                      0.0000000000000000e+00         0.0000000000000000e+00         0.0000000000000000e+00         0.0000000000000000e+00         0.0000000000000000e+00         0.0000000000000000e+00         5.4792215996435678e-01         2.0406276492780834e-02
8                                      0.0000000000000000e+00         0.0000000000000000e+00         0.0000000000000000e+00         0.0000000000000000e+00         0.0000000000000000e+00         0.0000000000000000e+00         1.7574756306397584e-07        -9.9322735247015027e-09
                                                         8

0                                      4.9519378565276224e-02
1                                     -3.5764601286703168e-02
2                                      7.7504993954068450e-09
3                                     -2.7067454058263329e-02
4                                     -2.8464577133756629e-02
5                                     -9.7458339704133080e-09
6                                     -7.5890530156262437e-01
7                                      5.9612118029443528e-01
8                                     -1.1327027714223865e-07
$End
