
$orca_hessian_file

$act_atom
  0

$act_coord
  0

$act_energy
        0.000000

$multiplicity
  1

$hessian
9
                    0                  1                  2                  3                  4        
    0      1.2654524611E+01  -3.8342942154E+00   4.1221528360E-06  -4.9055258128E+00  -5.6787925338E+00
    1     -3.8342942154E+00   5.6404129137E+00   4.8427664818E-07  -5.3172351197E+00  -2.2657180134E+00
    2      4.1221528360E-06   4.8427664818E-07  -6.4623252505E+00  -2.3139594446E-06  -1.8724746504E-06
    3     -4.9055258128E+00  -5.3172351197E+00  -2.3139594446E-06   4.9682863249E+00   5.5056439195E+00
    4     -5.6787925338E+00  -2.2657180134E+00  -1.8724746504E-06   5.5056439195E+00   2.1879469979E+00
    5     -2.3568120659E-06  -1.7956328514E-06   2.2315021183E+00   2.3720923413E-06   1.8260035077E-06
    6     -7.7489987980E+00   9.1514627124E+00  -1.7928783057E-06  -6.2760512085E-02   1.7337145042E-01
    7      9.5131533719E+00  -3.3746949002E+00   1.3808209991E-06  -1.8863163580E-01   7.7771015549E-02
    8     -1.7806558559E-06   1.3187332062E-06   4.2308231321E+00  -5.5502451993E-08   4.0811939619E-08
                    5                  6                  7                  8        
     0     -2.3568120659E-06  -7.7489987980E+00   9.5131533719E+00  -1.7806558559E-06
     1     -1.7956328514E-06   9.1514627124E+00  -3.3746949002E+00   1.3187332062E-06
     2      2.2315021183E+00  -1.7928783057E-06   1.3808209991E-06   4.2308231321E+00
     3      2.3720923413E-06  -6.2760512085E-02  -1.8863163580E-01  -5.5502451993E-08
     4      1.8260035077E-06   1.7337145042E-01   7.7771015549E-02   4.0811939619E-08
     5     -2.3029567864E+00  -1.7910720099E-08  -2.4711453232E-08   7.1454668036E-02
     6     -1.7910720099E-08   7.8117593100E+00  -9.3246779494E+00   1.8234736668E-06
     7     -2.4711453232E-08  -9.3246779494E+00   3.2969238847E+00  -1.3578273459E-06
     8      7.1454668036E-02   1.8234736668E-06  -1.3578273459E-06  -4.3022778002E+00

$vibrational_frequencies
9
    0        0.0000000000000000
    1        0.0000000000000000
    2        0.0000000000000000
    3        0.0000000000000000
    4        0.0000000000000000
    5        0.0000000000000000
    6    -9116.0340798937813815
    7    16038.8672361214667035
    8    20549.1822547259216662

$normal_modes
9 9
                    0                  1                  2                  3                  4        
    0      0.0000000000E+00   0.0000000000E+00   0.0000000000E+00   0.0000000000E+00   0.0000000000E+00
    1      0.0000000000E+00   0.0000000000E+00   0.0000000000E+00   0.0000000000E+00   0.0000000000E+00
    2      0.0000000000E+00   0.0000000000E+00   0.0000000000E+00   0.0000000000E+00   0.0000000000E+00
    3      0.0000000000E+00   0.0000000000E+00   0.0000000000E+00   0.0000000000E+00   0.0000000000E+00
    4      0.0000000000E+00   0.0000000000E+00   0.0000000000E+00   0.0000000000E+00   0.0000000000E+00
    5      0.0000000000E+00   0.0000000000E+00   0.0000000000E+00   0.0000000000E+00   0.0000000000E+00
    6      0.0000000000E+00   0.0000000000E+00   0.0000000000E+00   0.0000000000E+00   0.0000000000E+00
    7      0.0000000000E+00   0.0000000000E+00   0.0000000000E+00   0.0000000000E+00   0.0000000000E+00
    8      0.0000000000E+00   0.0000000000E+00   0.0000000000E+00   0.0000000000E+00   0.0000000000E+00
                    5                  6                  7                  8        
     0      0.0000000000E+00  -3.9946609493E-03  -4.6427991086E-02   5.1168729110E-02
     1      0.0000000000E+00  -6.7423011181E-02  -3.9612006493E-02  -3.6955819075E-02
     2      0.0000000000E+00  -8.6928155408E-09  -1.5659644344E-08   8.0086466253E-09
     3      0.0000000000E+00  -4.2579063321E-01   7.8978897308E-01  -2.7968994453E-02
     4      0.0000000000E+00   5.0167568167E-01   6.0767517647E-01  -2.9412651750E-02
     5      0.0000000000E+00  -4.4363827393E-08   2.5879463689E-07  -1.0070440156E-08
     6      0.0000000000E+00   4.8919398690E-01  -5.2882793136E-02  -7.8418229229E-01
     7      0.0000000000E+00   5.6846395710E-01   2.1047533726E-02   6.1597629201E-01
     8      0.0000000000E+00   1.8233640186E-07  -1.0244390350E-08  -1.1704298994E-07

#
# The atoms: label  mass x y z (in bohrs)
#
$atoms
3
 O     15.99900     -0.005594244080    -0.067300004881    -0.000000009062
 H      1.00800      0.801538456273     0.572566510889     0.000000257579
 H      1.00800     -0.712746481044     0.495620768969    -0.000000113752

$actual_temperature
  0.000000

$frequency_scale_factor
  1.000000

$dipole_derivatives
9
   -6.5060392885E-01   -4.3416573658E-02    1.0730051032E-07
   -2.1179584741E-02   -4.2582945837E-01    7.1758331368E-08
    1.0830512296E-07    7.1124724303E-08   -1.1202287545E+00
    3.2757463341E-01   -1.2338136342E-01   -6.3983262755E-08
   -1.7486535385E-01    2.2066766400E-01   -7.6551557898E-08
   -6.7389554088E-08   -6.6544730858E-08    5.3523364346E-01
    3.2321739501E-01    1.6678380433E-01   -4.3499508184E-08
    1.9610771832E-01    2.0518206208E-01    5.0463397777E-09
   -4.1189136260E-08   -4.3428284791E-09    5.8506735614E-01

#
# The IR spectrum
#  wavenumber eps Int TX TY TZ
#
$ir_spectrum
9
      0.00   0.00000000   0.00000000     0.000000     0.000000     0.000000
      0.00   0.00000000   0.00000000     0.000000     0.000000     0.000000
      0.00   0.00000000   0.00000000     0.000000     0.000000     0.000000
      0.00   0.00000000   0.00000000     0.000000     0.000000     0.000000
      0.00   0.00000000   0.00000000     0.000000     0.000000     0.000000
      0.00   0.00000000   0.00000000     0.000000     0.000000     0.000000
  -9116.03   0.00000000   0.00000000     0.000000     0.000000     0.000000
  16038.87   0.00574570  29.03639086     0.010129     0.003031     0.000000
  20549.18   0.00517848  26.16990521    -0.008862     0.000318    -0.000000


$end

