
$orca_hessian_file

$act_atom
  0

$act_coord
  0

$act_energy
        0.000000

$multiplicity
  1

$hessian
12
                    0                  1                  2                  3                  4        
    0      5.9442578011E+00   4.0597260243E-01  -1.1063752528E+00  -6.7169681811E+00  -2.2021050482E-01
    1      4.0597260243E-01   8.9171377075E+00  -2.1847524803E-01  -1.9797950279E-01   2.0020278080E+00
    2     -1.1063752528E+00  -2.1847524803E-01  -1.3591037529E+00   4.1315848787E+00   1.0613362242E-01
    3     -6.7169681811E+00  -1.9797950279E-01   4.1315848787E+00   6.7491343902E+00   1.9548196493E-01
    4     -2.2021050482E-01   2.0020278080E+00   1.0613362242E-01   1.9548196493E-01  -2.0722299343E+00
    5      4.4686837555E+00   9.6826883603E-02   1.4997306510E-01  -4.2753890749E+00  -1.0563900848E-01
    6      4.7358381441E-01   3.3013185671E+00  -1.4871959355E+00  -2.7174243040E-02   1.9305554565E-01
    7      3.4054546831E+00  -5.4857790677E+00   3.3846529987E+00  -8.9279125012E-02   2.9472683102E-02
    8     -1.6635224661E+00   3.6263919135E+00   5.4960560955E-01   7.8173925078E-02  -7.1586120961E-02
    9      2.9912656558E-01  -3.5092989670E+00  -1.5381108324E+00  -4.9919660997E-03  -1.6828714293E-01
   10     -3.5912294803E+00  -5.4333864478E+00  -3.2723051432E+00   9.1736800040E-02   4.0729443258E-02
   11     -1.6986888945E+00  -3.5047497790E+00   6.5952507828E-01   6.5561864484E-02   7.1074881403E-02
                    5                  6                  7                  8                  9        
    0      4.4686837555E+00   4.7358381441E-01   3.4054546831E+00  -1.6635224661E+00   2.9912656558E-01
    1      9.6826883603E-02   3.3013185671E+00  -5.4857790677E+00   3.6263919135E+00  -3.5092989670E+00
    2      1.4997306510E-01  -1.4871959355E+00   3.3846529987E+00   5.4960560955E-01  -1.5381108324E+00
    3     -4.2753890749E+00  -2.7174243040E-02  -8.9279125012E-02   7.8173925078E-02  -4.9919660997E-03
    4     -1.0563900848E-01   1.9305554565E-01   2.9472683102E-02  -7.1586120961E-02  -1.6828714293E-01
    5     -2.6004426651E-01  -9.7620499064E-02   4.2708941016E-02   5.8733168692E-02  -9.5605774866E-02
    6     -9.7620499064E-02  -5.0762921201E-01  -3.4065523123E+00   1.5458065524E+00   6.1219640639E-02
    7      4.2708941016E-02  -3.4065523123E+00   5.4194078397E+00  -3.4892172704E+00   9.0316058814E-02
    8      5.8733168692E-02   1.5458065524E+00  -3.4892172704E+00  -6.3703127385E-01   3.9576267653E-02
    9     -9.5605774866E-02   6.1219640639E-02   9.0316058814E-02   3.9576267653E-02  -3.5535424012E-01
   10     -3.3880190525E-02  -8.7761104894E-02   3.6898544923E-02  -6.5623390252E-02   3.5872619182E+00
   11      5.1338032721E-02   3.8975603172E-02   6.1890198799E-02   2.8692495604E-02   1.5941458832E+00
                   10                 11        
     0     -3.5912294803E+00  -1.6986888945E+00
     1     -5.4333864478E+00  -3.5047497790E+00
     2     -3.2723051432E+00   6.5952507828E-01
     3      9.1736800040E-02   6.5561864484E-02
     4      4.0729443258E-02   7.1074881403E-02
     5     -3.3880190525E-02   5.1338032721E-02
     6     -8.7761104894E-02   3.8975603172E-02
     7      3.6898544923E-02   6.1890198799E-02
     8     -6.5623390252E-02   2.8692495604E-02
     9      3.5872619182E+00   1.5941458832E+00
    10      5.3557584596E+00   3.3717967114E+00
    11      3.3717967114E+00  -7.3955560660E-01

$vibrational_frequencies
12
    0        0.0000000000000000
    1        0.0000000000000000
    2        0.0000000000000000
    3        0.0000000000000000
    4        0.0000000000000000
    5        0.0000000000000000
    6    -8059.3821036138797353
    7    -7358.8635720874208346
    8    -7105.7336055719442811
    9    15077.1677626522268838
   10    15781.6602488412045204
   11    15833.9412247810651024

$normal_modes
12 12
                    0                  1                  2                  3                  4        
    0      0.0000000000E+00   0.0000000000E+00   0.0000000000E+00   0.0000000000E+00   0.0000000000E+00
    1      0.0000000000E+00   0.0000000000E+00   0.0000000000E+00   0.0000000000E+00   0.0000000000E+00
    2      0.0000000000E+00   0.0000000000E+00   0.0000000000E+00   0.0000000000E+00   0.0000000000E+00
    3      0.0000000000E+00   0.0000000000E+00   0.0000000000E+00   0.0000000000E+00   0.0000000000E+00
    4      0.0000000000E+00   0.0000000000E+00   0.0000000000E+00   0.0000000000E+00   0.0000000000E+00
    5      0.0000000000E+00   0.0000000000E+00   0.0000000000E+00   0.0000000000E+00   0.0000000000E+00
    6      0.0000000000E+00   0.0000000000E+00   0.0000000000E+00   0.0000000000E+00   0.0000000000E+00
    7      0.0000000000E+00   0.0000000000E+00   0.0000000000E+00   0.0000000000E+00   0.0000000000E+00
    8      0.0000000000E+00   0.0000000000E+00   0.0000000000E+00   0.0000000000E+00   0.0000000000E+00
    9      0.0000000000E+00   0.0000000000E+00   0.0000000000E+00   0.0000000000E+00   0.0000000000E+00
   10      0.0000000000E+00   0.0000000000E+00   0.0000000000E+00   0.0000000000E+00   0.0000000000E+00
   11      0.0000000000E+00   0.0000000000E+00   0.0000000000E+00   0.0000000000E+00   0.0000000000E+00
                    5                  6                  7                  8                  9        
    0      0.0000000000E+00  -8.5195913669E-03  -6.5490309662E-02   1.1582002466E-02  -9.2718589633E-03
    1      0.0000000000E+00  -1.9542818931E-03   1.2291397698E-02   5.9710771313E-02   7.6973138916E-04
    2      0.0000000000E+00  -1.0967392174E-01   1.1191180658E-02  -5.0102417030E-03  -4.6083006157E-02
    3      0.0000000000E+00   2.3016735824E-01  -1.9753500101E-01   6.0198393639E-02  -3.7710231988E-01
    4      0.0000000000E+00   2.4067817545E-02  -1.4939882617E-01  -7.5511452298E-01  -7.6969773852E-03
    5      0.0000000000E+00   4.1566185935E-01  -3.0944998978E-01   6.6671191448E-02   1.6963173864E-01
    6      0.0000000000E+00  -4.3096879468E-02   4.8425497447E-01  -4.9665861360E-01   2.4648178300E-01
    7      0.0000000000E+00   2.6635068462E-01   3.0494161679E-01  -8.5005400011E-02  -5.4364722717E-01
    8      0.0000000000E+00   5.3802878713E-01   1.2149162215E-01   2.1134419842E-01   2.3925169256E-01
    9      0.0000000000E+00  -6.8683657069E-02   6.2332245456E-01   2.7551864403E-01   2.5946074372E-01
   10      0.0000000000E+00  -2.6326212670E-01  -3.2634200446E-01   1.0388996619E-02   5.4064814546E-01
   11      0.0000000000E+00   5.7031989109E-01   3.2447586414E-02  -2.0839390620E-01   2.3147834185E-01
                   10                 11        
     0     -4.4010097426E-02   5.9950232039E-02
     1      6.5990250391E-02   5.1351529429E-02
     2      6.7519054933E-03  -9.7716133584E-03
     3      4.9813774230E-01  -6.5765103896E-01
     4      2.3159331645E-02  -7.0159695224E-03
     5     -2.3530207063E-01   3.0952530167E-01
     6      2.7650178560E-01   8.2684408078E-02
     7     -6.2104919187E-01  -1.5550718947E-01
     8      2.8173013961E-01   6.9550385432E-02
     9     -1.6308254907E-01  -2.5809180184E-01
    10     -3.1909966084E-01  -5.5104913537E-01
    11     -1.4025142240E-01  -2.4329097648E-01

#
# The atoms: label  mass x y z (in bohrs)
#
$atoms
4
 N     14.00700     -0.007419435910    -0.001669856932     0.072491750054
 H      1.00800      0.912533796513     0.021145748145    -0.370119340382
 H      1.00800     -0.393135112055     0.864699483828    -0.325316084255
 H      1.00800     -0.416299439633    -0.862641178360    -0.311897852161

$actual_temperature
  0.000000

$frequency_scale_factor
  1.000000

$dipole_derivatives
12
   -8.6564404667E-01    7.4756577560E-03   -4.3028870601E-02
    7.1096262580E-03   -7.8817096804E-01   -6.1069609877E-03
   -4.0197976468E-02   -6.8304592527E-03   -1.1169466822E+00
    2.3149657437E-01   -3.7763940622E-03    2.2465010242E-01
   -2.3267953377E-03    3.0160415536E-01    4.9809211635E-03
    2.9645938061E-01    3.1375985432E-05    3.3670214619E-01
    3.1668155392E-01    3.0330230844E-02   -8.8130138441E-02
    3.1772762210E-02    2.4145310565E-01    2.1391748105E-01
   -1.3020472345E-01    2.3530340369E-01    3.8455387284E-01
    3.1740516881E-01   -3.4043745160E-02   -9.3288019150E-02
   -3.6566557605E-02    2.4492132097E-01   -2.1279565544E-01
   -1.2602383900E-01   -2.2850982689E-01    3.9560983652E-01

#
# The IR spectrum
#  wavenumber eps Int TX TY TZ
#
$ir_spectrum
12
      0.00   0.00000000   0.00000000     0.000000     0.000000     0.000000
      0.00   0.00000000   0.00000000     0.000000     0.000000     0.000000
      0.00   0.00000000   0.00000000     0.000000     0.000000     0.000000
      0.00   0.00000000   0.00000000     0.000000     0.000000     0.000000
      0.00   0.00000000   0.00000000     0.000000     0.000000     0.000000
      0.00   0.00000000   0.00000000     0.000000     0.000000     0.000000
  -8059.38   0.00000000   0.00000000     0.000000     0.000000     0.000000
  -7358.86   0.00000000   0.00000000     0.000000     0.000000     0.000000
  -7105.73   0.00000000   0.00000000     0.000000     0.000000     0.000000
  15077.17   0.00113883   5.75515881     0.002230     0.000121    -0.004311
  15781.66   0.00622751  31.47130290     0.005473    -0.009648     0.000325
  15833.94   0.00595485  30.09337661    -0.007708    -0.007608    -0.000251


$end

