*************************************************
******************* ORCA 6.0.1 ******************
*************************************************
$Calculation_Status
   &GeometryIndex 1
   &ListStatus       OUT
   &VERSION [&Type "String"] "6.0.1"
   &PROGNAME [&Type "String"] "LeanSCF"
   &STATUS [&Type "String"] "NORMAL TERMINATION"
$End
$Geometry
   &GeometryIndex 1
   &ListStatus       OUT
   &NATOMS [&Type "Integer"] 4
   &NCORELESSECP [&Type "Integer"] 0
   &NGHOSTATOMS [&Type "Integer"] 0
   &CartesianCoordinates [&Type "Coordinates", &Dim(4,4), &Units "Bohr"] 
              N     -0.000035992291    0.000004675371    0.157199671859
              H      0.989499698186   -0.000004366779   -0.269959078470
              H     -0.494013177438    0.855705771900   -0.269312150381
              H     -0.494093596812   -0.855942263944   -0.269435402666
$End
$SCF_Energy
   &GeometryIndex 1
   &ListStatus       OUT
   &SCF_ENERGY [&Type "Double"]      -5.4930182848874828e+01
$End
$DFT_Energy
   &GeometryIndex 1
   &ListStatus       OUT
   &NALPHAEL [&Type "Integer"] 5
   &NBETAEL [&Type "Integer"] 5
   &NTOTALEL [&Type "Integer"] 10
   &EEXCHANGE [&Type "Double"]      -6.7482199616476679e+00
   &ECORR [&Type "Double"]      -4.0581867748214934e-01
   &ECNL [&Type "Double"]       0.0000000000000000e+00
   &EXC [&Type "Double"]      -7.1540386391298174e+00
   &EEMBED [&Type "Double"]       0.0000000000000000e+00
   &FINALEN [&Type "Double"]      -5.4930182848874828e+01  "No Van der Waals correction"
$End
$Mulliken_Population_Analysis
   &GeometryIndex 1
   &ListStatus       OUT
   &NATOMS [&Type "Integer"] 4
   &ATNO [&Type "ArrayOfIntegers", &Dim (4,1)] 
                                                         0

0                                                        7
1                                                        1
2                                                        1
3                                                        1
   &ATOMICCHARGES [&Type "ArrayOfDoubles", &Dim (4,1)] 
                                                         0

0                                      8.2656460696332967e-01
1                                     -2.7444150537697154e-01
2                                     -2.7620275713478248e-01
3                                     -2.7592034445154456e-01
$End
$Loewdin_Population_Analysis
   &GeometryIndex 1
   &ListStatus       OUT
   &NATOMS [&Type "Integer"] 4
   &ATNO [&Type "ArrayOfIntegers", &Dim (4,1)] 
                                                         0

0                                                        7
1                                                        1
2                                                        1
3                                                        1
   &ATOMICCHARGES [&Type "ArrayOfDoubles", &Dim (4,1)] 
                                                         0

0                                      3.6272422199259147e-01
1                                     -1.2014025616472668e-01
2                                     -1.2139835818766653e-01
3                                     -1.2118560764015696e-01
$End
$Mayer_Population_Analysis
   &GeometryIndex 1
   &ListStatus       OUT
   &NATOMS [&Type "Integer"] 4 "Total number of atoms"
   &BONDTHRESH [&Type "Double"]       1.0000000000000001e-01  "The threshold for printing"
   &NBONDORDERSPRINT [&Type "Integer"] 6 "The number of bond orders larger than threshold"
   &BONDORDERS [&Type "ArrayOfDoubles", &Dim (6,1)] "The bond orders"
                                                         0

0                                      5.0773045583818510e-01
1                                      5.0582983616863575e-01
2                                      5.0614133646220993e-01
3                                      2.0438999961036300e-01
4                                      2.0430407360216332e-01
5                                      2.0488398963914861e-01
   &COMPONENTS [&Type "ArrayOfIntegers", &Dim (6,4)] "The indices and atomic numbers of the bonding atoms"
                                                         0                           1                           2                           3

0                                                        0                           7                           1                           1
1                                                        0                           7                           2                           1
2                                                        0                           7                           3                           1
3                                                        1                           1                           2                           1
4                                                        1                           1                           3                           1
5                                                        2                           1                           3                           1
   &ATNO [&Type "ArrayOfIntegers", &Dim (4,1)] "Atomic number of the elements"
                                                         0

0                                                        7
1                                                        1
2                                                        1
3                                                        1
   &NA [&Type "ArrayOfDoubles", &Dim (4,1)] "Mulliken gross atomic population"
                                                         0

0                                      6.1734353930366668e+00
1                                      1.2744415053769718e+00
2                                      1.2762027571347827e+00
3                                      1.2759203444515452e+00
   &ZA [&Type "ArrayOfDoubles", &Dim (4,1)] "Total nuclear charge"
                                                         0

0                                      7.0000000000000000e+00
1                                      1.0000000000000000e+00
2                                      1.0000000000000000e+00
3                                      1.0000000000000000e+00
   &QA [&Type "ArrayOfDoubles", &Dim (4,1)] "Mulliken gross atomic charge"
                                                         0

0                                      8.2656460696333323e-01
1                                     -2.7444150537697176e-01
2                                     -2.7620275713478271e-01
3                                     -2.7592034445154523e-01
   &VA [&Type "ArrayOfDoubles", &Dim (4,1)] "Mayer's total valence"
                                                         0

0                                      1.5197016284690612e+00
1                                      9.1642452905072402e-01
2                                      9.1510382541815705e-01
3                                      9.1532939970353355e-01
   &BVA [&Type "ArrayOfDoubles", &Dim (4,1)] "Mayer's bonded valence"
                                                         0

0                                      1.5197016284690306e+00
1                                      9.1642452905071137e-01
2                                      9.1510382541814739e-01
3                                      9.1532939970352190e-01
   &FA [&Type "ArrayOfDoubles", &Dim (4,1)] "Mayer's free valence"
                                                         0

0                                      0.0000000000000000e+00
1                                      0.0000000000000000e+00
2                                      0.0000000000000000e+00
3                                      0.0000000000000000e+00
$End
$SCF_Nuc_Gradient
   &GeometryIndex 1
   &ListStatus       OUT
   &NATOMS [&Type "Integer"] 4
   &ROOT [&Type "Integer"] 0
   &GRADNORM [&Type "Double"]       4.2086895632763843e+00
   &GRAD [&Type "ArrayOfDoubles", &Dim (12,1)] 
                                                         0

0                                     -9.8123715498542076e-03
1                                      1.5909351304106570e-03
2                                     -2.3032891293729425e+00
3                                     -1.8765077524416049e+00
4                                      8.8611154672107054e-06
5                                      7.6497709234655586e-01
6                                      9.4367570253888888e-01
7                                     -1.6346681651932209e+00
8                                      7.6954936413533614e-01
9                                      9.4264442142580984e-01
10                                     1.6330683689470926e+00
11                                     7.6876267297961909e-01
$End
$SCF_Dipole_Moment
   &GeometryIndex 1
   &ListStatus       OUT
   &METHOD [&Type "String"] "SCF"
   &LEVEL [&Type "String"] "Relaxed density"
   &MULT [&Type "Integer"] 1
   &STATE [&Type "Integer"] -1
   &IRREP [&Type "Integer"] 0
   &NATOMS [&Type "Integer"] 4
   &DODIPOLEATOM [&Type "Boolean"] false
   &DIPOLEELECCONTRIB [&Type "ArrayOfDoubles", &Dim (3,1)] "Electronic contribution"
                                                         0

0                                     -3.6970623786394818e-04
1                                      7.3262462408720842e-05
2                                     -1.9209142048796160e-01
   &DIPOLENUCCONTRIB [&Type "ArrayOfDoubles", &Dim (3,1)] "Nuclear contribution"
                                                         0

0                                      6.1257480607607162e-04
1                                     -1.0402825465571919e-04
2                                     -5.2254151564504603e-01
   &DIPOLETOTAL [&Type "ArrayOfDoubles", &Dim (3,1)] "Total"
                                                         0

0                                      2.4286856821212344e-04
1                                     -3.0765792246998346e-05
2                                     -7.1463293613300760e-01
   &DIPOLEMAGNITUDE [&Type "Double", &Units "a.u."]       7.1463297806479564e-01
$End
$SCF_Polarizability
   &GeometryIndex 1
   &ListStatus       OUT
   &METHOD [&Type "String"] "SCF"
   &LEVEL [&Type "String"] "Relaxed density"
   &MULT [&Type "Integer"] 1
   &STATE [&Type "Integer"] -1
   &IRREP [&Type "Integer"] 0
   &NATOMS [&Type "Integer"] 4
   &DODIPOLEATOM [&Type "Boolean"] false
   &RAWCARTESIAN [&Type "ArrayOfDoubles", &Units "a.u", &Dim (3,3)] 
                                                         0                           1                           2

0                                      3.6078940194022082e+00         1.9149761824046457e-04        -2.2205069188909760e-03
1                                      1.9149761824046457e-04         3.6074156891617171e+00         2.6957372426278901e-04
2                                     -2.2205069188909760e-03         2.6957372426278901e-04         3.9579318941305304e+00
   &DIAGONALIZEDTENSOR [&Type "ArrayOfDoubles", &Dim (3,1)] 
                                                         0

0                                      3.6073456224768492e+00
1                                      3.6079497951620030e+00
2                                      3.9579461850556026e+00
   &ORIENTATION [&Type "ArrayOfDoubles", &Dim (3,3)] 
                                                         0                           1                           2

0                                     -3.4003454613018069e-01        -9.4039155471370939e-01        -6.3428117719675743e-03
1                                      9.4040854504442462e-01        -3.4004585325941761e-01         7.6556417304734972e-04
2                                     -2.8767769239877051e-03        -5.7045161238509935e-03         9.9997959111690005e-01
   &ISOTROPICPOLAR [&Type "Double"]       3.7244138675648184e+00
$End
$THERMOCHEMISTRY_Energies
   &GeometryIndex 1
   &ListStatus       OUT
   &TEMPERATURE [&Type "Double"]       2.9814999999999998e+02
   &PRESSURE [&Type "Double"]       1.0000000000000000e+00
   &TOTALMASS [&Type "Double"]       1.7030999999999999e+01
   &SPINDEGENERACY [&Type "Integer"] 1
   &ELENERGY [&Type "Double"]      -5.4930182848874828e+01
   &TRANSENERGY [&Type "Double"]       1.4162714244859817e-03
   &ROTENERGY [&Type "Double"]       1.4162714244859817e-03
   &VIBENERGY [&Type "Double"]       8.3815680715066024e-31
   &NUMOFFREQS [&Type "Integer"] 12
   &FREQSCALINGFACTOR [&Type "Double"]       1.0000000000000000e+00
   &FREQ [&Type "ArrayOfDoubles", &Dim (12,1)] "In cm^-1"
                                                         0

0                                      0.0000000000000000e+00
1                                      0.0000000000000000e+00
2                                      0.0000000000000000e+00
3                                      0.0000000000000000e+00
4                                      0.0000000000000000e+00
5                                      0.0000000000000000e+00
6                                     -7.1796139698985962e+03
7                                     -6.4133996633479346e+03
8                                     -6.4012490817735506e+03
9                                      1.3796678489175449e+04
10                                     1.4428457295911539e+04
11                                     1.4454104589981205e+04
   &ZPE [&Type "Double"]       9.7230463875728451e-02
   &INNERENERGYU [&Type "Double"]      -5.4830119842150125e+01
   &ENTHALPYH [&Type "Double"]      -5.4829175633107866e+01
   &QEL [&Type "Double"]       0.0000000000000000e+00
   &QROT [&Type "Double"]       4.8402062502106089e-03
   &QVIB [&Type "Double"]      -7.2388436841149112e-12
   &QTRANS [&Type "Double"]       1.6364250539629886e-02
   &ENTROPYS [&Type "Double"]       2.1204456782601650e-02
   &FREEENERGYG [&Type "Double"]      -5.4850380089890464e+01
   &ISLINEAR [&Type "Boolean"] false
$End
$Hessian
   &GeometryIndex 1
   &ListStatus       OUT
   &HESSIAN [&Type "ArrayOfDoubles", &Dim (12,12)] "The Hessian"
                                                         0                           1                           2                           3                           4                           5                           6                           7

0                                      6.3950303986754022e+00        -3.7706411554854213e-03         1.7247761608629286e-02        -5.8216552837790694e+00         3.2938575752634522e-05         3.3881022742333289e+00        -2.8673882266951478e-01         3.2139697319113942e+00
1                                     -3.7706411554854213e-03         6.4401586203493935e+00        -2.8466919143215197e-03         9.9435991853996409e-05         1.5558726481409859e+00        -2.9076464882380289e-05         3.2145560420859285e+00        -3.9997471256857717e+00
2                                      1.7247761608629286e-02        -2.8466919143215197e-03        -9.8857308604414484e-01         3.1292807779705996e+00         1.9182922606836015e-06         3.2645218318638225e-01        -1.5741561322723168e+00         2.7270978685709166e+00
3                                     -5.8216552837790694e+00         9.9435991853996409e-05         3.1292807779705996e+00         5.8113938275603170e+00        -5.4138583660975903e-05        -3.2340050176148738e+00         5.1456464345150388e-03        -7.5267320108365621e-02
4                                      3.2938575752634522e-05         1.5558726481409859e+00         1.9182922606836015e-06        -5.4138583660975903e-05        -1.6313017428265306e+00         2.2523835004867321e-05         1.3146898366749532e-01         3.7728726605965074e-02
5                                      3.3881022742333289e+00        -2.9076464882380289e-05         3.2645218318638225e-01        -3.2340050176148738e+00         2.2523835004867321e-05        -3.9803212515631670e-01        -7.7035043436169001e-02         1.5997652118243378e-02
6                                     -2.8673882266951478e-01         3.2145560420859285e+00        -1.5741561322723168e+00         5.1456464345150388e-03         1.3146898366749532e-01        -7.7035043436169001e-02         2.2750537477984351e-01        -3.2423610131704406e+00
7                                      3.2139697319113942e+00        -3.9997471256857717e+00         2.7270978685709166e+00        -7.5267320108365621e-02         3.7728726605965074e-02         1.5997652118243378e-02        -3.2423610131704406e+00         3.9732943614070129e+00
8                                     -1.7036187382033068e+00         2.9514686142421831e+00         3.3152601567490037e-01         5.2342305877071019e-02        -5.8673113786340839e-02         3.5791912609444941e-02         1.6265972156075312e+00        -2.8179467417455384e+00
9                                     -2.8663629222681886e-01        -3.2108850777167692e+00        -1.5723552064545743e+00         5.1158097842369799e-03        -1.3144710257622377e-01        -7.7002463039843302e-02         5.4087801455156223e-02         1.0378689243258911e-01
10                                    -3.2102317885371892e+00        -3.9962841428046074e+00        -2.7242540822604053e+00         7.5221341616809406e-02         3.7700368079579633e-02        -1.5990731717315271e-02        -1.0379230364816007e-01        -1.1275962327206290e-02
11                                    -1.7017484984909892e+00        -2.9485918585514295e+00         3.3059488718286223e-01         5.2322183624760141e-02         5.8648303888024694e-02         3.5788029360489498e-02         2.4632345268690264e-02         7.4886071824250028e-02
                                                         8                           9                          10                          11

0                                     -1.7036187382033068e+00        -2.8663629222681886e-01        -3.2102317885371892e+00        -1.7017484984909892e+00
1                                      2.9514686142421831e+00        -3.2108850777167692e+00        -3.9962841428046074e+00        -2.9485918585514295e+00
2                                      3.3152601567490037e-01        -1.5723552064545743e+00        -2.7242540822604053e+00         3.3059488718286223e-01
3                                      5.2342305877071019e-02         5.1158097842369799e-03         7.5221341616809406e-02         5.2322183624760141e-02
4                                     -5.8673113786340839e-02        -1.3144710257622377e-01         3.7700368079579633e-02         5.8648303888024694e-02
5                                      3.5791912609444941e-02        -7.7002463039843302e-02        -1.5990731717315271e-02         3.5788029360489498e-02
6                                      1.6265972156075312e+00         5.4087801455156223e-02        -1.0379230364816007e-01         2.4632345268690264e-02
7                                     -2.8179467417455384e+00         1.0378689243258911e-01        -1.1275962327206290e-02         7.4886071824250028e-02
8                                     -4.0312536408517657e-01         2.4640831550968679e-02        -7.4883609478175420e-02         3.5807435800831289e-02
9                                      2.4640831550968679e-02         2.2743268098742564e-01         3.2386740192144718e+00         1.6247554037704939e+00
10                                    -7.4883609478175420e-02         3.2386740192144718e+00         3.9698597370522339e+00         2.8150929531475253e+00
11                                     3.5807435800831289e-02         1.6247554037704939e+00         2.8150929531475253e+00        -4.0219035234418304e-01
   &MODES [&Type "ArrayOfDoubles", &Dim (12,12)] "The modes of vibrations"
                                                         0                           1                           2                           3                           4                           5                           6                           7

0                                      0.0000000000000000e+00         0.0000000000000000e+00         0.0000000000000000e+00         0.0000000000000000e+00         0.0000000000000000e+00         0.0000000000000000e+00        -2.5341936770194101e-04        -6.2145311400189772e-02
1                                      0.0000000000000000e+00         0.0000000000000000e+00         0.0000000000000000e+00         0.0000000000000000e+00         0.0000000000000000e+00         0.0000000000000000e+00         4.2735411861829611e-05        -5.8383339230760715e-03
2                                      0.0000000000000000e+00         0.0000000000000000e+00         0.0000000000000000e+00         0.0000000000000000e+00         0.0000000000000000e+00         0.0000000000000000e+00        -1.0259358153028145e-01         4.6322040741962714e-04
3                                      0.0000000000000000e+00         0.0000000000000000e+00         0.0000000000000000e+00         0.0000000000000000e+00         0.0000000000000000e+00         0.0000000000000000e+00         2.3595298679199245e-01        -1.5625278736363557e-01
4                                      0.0000000000000000e+00         0.0000000000000000e+00         0.0000000000000000e+00         0.0000000000000000e+00         0.0000000000000000e+00         0.0000000000000000e+00        -5.4644885408144635e-04         6.8569669068621830e-02
5                                      0.0000000000000000e+00         0.0000000000000000e+00         0.0000000000000000e+00         0.0000000000000000e+00         0.0000000000000000e+00         0.0000000000000000e+00         4.7362133048302724e-01        -2.5038168727998267e-01
6                                      0.0000000000000000e+00         0.0000000000000000e+00         0.0000000000000000e+00         0.0000000000000000e+00         0.0000000000000000e+00         0.0000000000000000e+00        -1.1652371266934262e-01         5.4601388964863207e-01
7                                      0.0000000000000000e+00         0.0000000000000000e+00         0.0000000000000000e+00         0.0000000000000000e+00         0.0000000000000000e+00         0.0000000000000000e+00         2.0691241410907191e-01         3.8893207798292390e-01
8                                      0.0000000000000000e+00         0.0000000000000000e+00         0.0000000000000000e+00         0.0000000000000000e+00         0.0000000000000000e+00         0.0000000000000000e+00         4.7623494399862637e-01         1.0177404562101502e-01
9                                      0.0000000000000000e+00         0.0000000000000000e+00         0.0000000000000000e+00         0.0000000000000000e+00         0.0000000000000000e+00         0.0000000000000000e+00        -1.1590780082562493e-01         4.7379978738014072e-01
10                                     0.0000000000000000e+00         0.0000000000000000e+00         0.0000000000000000e+00         0.0000000000000000e+00         0.0000000000000000e+00         0.0000000000000000e+00        -2.0695980941565378e-01        -3.7637323191213451e-01
11                                     0.0000000000000000e+00         0.0000000000000000e+00         0.0000000000000000e+00         0.0000000000000000e+00         0.0000000000000000e+00         0.0000000000000000e+00         4.7576703553288280e-01         1.4217080808086577e-01
                                                         8                           9                          10                          11

0                                      5.8345387676640766e-03        -2.1204306279886680e-03         7.5902727955607582e-02        -6.5164503410350049e-03
1                                     -6.2093158015667428e-02         3.2576692430432504e-04         6.5262463398432138e-03         7.5948862602690306e-02
2                                     -1.2400607999764075e-04         4.6357679477214628e-02         1.2689587610488213e-03        -3.0812425374133345e-04
3                                      1.4886472185897176e-02         5.4368361641594376e-01        -7.0013690086573577e-01         5.7839628904838562e-02
4                                      7.3036465557318575e-01         4.7189615900288010e-05         9.6652208372264377e-04         1.1093718694008421e-02
5                                      2.3923631756271872e-02        -2.2319566943686603e-01         2.9767771632381679e-01        -2.4621929533652543e-02
6                                      3.3601377707790903e-01        -2.5577495473467571e-01        -1.5029912864466882e-01         3.3057517969208305e-01
7                                      3.0456575667617367e-02         4.4262228475563770e-01         2.8076789104720140e-01        -5.6319058894865470e-01
8                                     -2.2638830587250861e-01        -2.0936268946888312e-01        -1.3505237496630579e-01         2.7746563206099800e-01
9                                     -4.3197602755613834e-01        -2.5844351107984198e-01        -2.0429562770605922e-01        -2.9786330073295603e-01
10                                     1.0201494368524248e-01        -4.4719627725718358e-01        -3.7242204456166206e-01        -5.0327586632857135e-01
11                                     2.0418784193620396e-01        -2.1162022882971271e-01        -1.8025858080791865e-01        -2.4856205925139810e-01
$End
