
$orca_hessian_file

$act_atom
  0

$act_coord
  0

$act_energy
        0.000000

$multiplicity
  1

$hessian
12
                    0                  1                  2                  3                  4        
    0      6.3950303987E+00  -3.7706411555E-03   1.7247761609E-02  -5.8216552838E+00   3.2938575753E-05
    1     -3.7706411555E-03   6.4401586203E+00  -2.8466919143E-03   9.9435991854E-05   1.5558726481E+00
    2      1.7247761609E-02  -2.8466919143E-03  -9.8857308604E-01   3.1292807780E+00   1.9182922607E-06
    3     -5.8216552838E+00   9.9435991854E-05   3.1292807780E+00   5.8113938276E+00  -5.4138583661E-05
    4      3.2938575753E-05   1.5558726481E+00   1.9182922607E-06  -5.4138583661E-05  -1.6313017428E+00
    5      3.3881022742E+00  -2.9076464882E-05   3.2645218319E-01  -3.2340050176E+00   2.2523835005E-05
    6     -2.8673882267E-01   3.2145560421E+00  -1.5741561323E+00   5.1456464345E-03   1.3146898367E-01
    7      3.2139697319E+00  -3.9997471257E+00   2.7270978686E+00  -7.5267320108E-02   3.7728726606E-02
    8     -1.7036187382E+00   2.9514686142E+00   3.3152601567E-01   5.2342305877E-02  -5.8673113786E-02
    9     -2.8663629223E-01  -3.2108850777E+00  -1.5723552065E+00   5.1158097842E-03  -1.3144710258E-01
   10     -3.2102317885E+00  -3.9962841428E+00  -2.7242540823E+00   7.5221341617E-02   3.7700368080E-02
   11     -1.7017484985E+00  -2.9485918586E+00   3.3059488718E-01   5.2322183625E-02   5.8648303888E-02
                    5                  6                  7                  8                  9        
    0      3.3881022742E+00  -2.8673882267E-01   3.2139697319E+00  -1.7036187382E+00  -2.8663629223E-01
    1     -2.9076464882E-05   3.2145560421E+00  -3.9997471257E+00   2.9514686142E+00  -3.2108850777E+00
    2      3.2645218319E-01  -1.5741561323E+00   2.7270978686E+00   3.3152601567E-01  -1.5723552065E+00
    3     -3.2340050176E+00   5.1456464345E-03  -7.5267320108E-02   5.2342305877E-02   5.1158097842E-03
    4      2.2523835005E-05   1.3146898367E-01   3.7728726606E-02  -5.8673113786E-02  -1.3144710258E-01
    5     -3.9803212516E-01  -7.7035043436E-02   1.5997652118E-02   3.5791912609E-02  -7.7002463040E-02
    6     -7.7035043436E-02   2.2750537478E-01  -3.2423610132E+00   1.6265972156E+00   5.4087801455E-02
    7      1.5997652118E-02  -3.2423610132E+00   3.9732943614E+00  -2.8179467417E+00   1.0378689243E-01
    8      3.5791912609E-02   1.6265972156E+00  -2.8179467417E+00  -4.0312536409E-01   2.4640831551E-02
    9     -7.7002463040E-02   5.4087801455E-02   1.0378689243E-01   2.4640831551E-02   2.2743268099E-01
   10     -1.5990731717E-02  -1.0379230365E-01  -1.1275962327E-02  -7.4883609478E-02   3.2386740192E+00
   11      3.5788029360E-02   2.4632345269E-02   7.4886071824E-02   3.5807435801E-02   1.6247554038E+00
                   10                 11        
     0     -3.2102317885E+00  -1.7017484985E+00
     1     -3.9962841428E+00  -2.9485918586E+00
     2     -2.7242540823E+00   3.3059488718E-01
     3      7.5221341617E-02   5.2322183625E-02
     4      3.7700368080E-02   5.8648303888E-02
     5     -1.5990731717E-02   3.5788029360E-02
     6     -1.0379230365E-01   2.4632345269E-02
     7     -1.1275962327E-02   7.4886071824E-02
     8     -7.4883609478E-02   3.5807435801E-02
     9      3.2386740192E+00   1.6247554038E+00
    10      3.9698597371E+00   2.8150929531E+00
    11      2.8150929531E+00  -4.0219035234E-01

$vibrational_frequencies
12
    0        0.0000000000000000
    1        0.0000000000000000
    2        0.0000000000000000
    3        0.0000000000000000
    4        0.0000000000000000
    5        0.0000000000000000
    6    -7179.6139698985962241
    7    -6413.3996633479346201
    8    -6401.2490817735506425
    9    13796.6784891754487035
   10    14428.4572959115394042
   11    14454.1045899812052085

$normal_modes
12 12
                    0                  1                  2                  3                  4        
    0      0.0000000000E+00   0.0000000000E+00   0.0000000000E+00   0.0000000000E+00   0.0000000000E+00
    1      0.0000000000E+00   0.0000000000E+00   0.0000000000E+00   0.0000000000E+00   0.0000000000E+00
    2      0.0000000000E+00   0.0000000000E+00   0.0000000000E+00   0.0000000000E+00   0.0000000000E+00
    3      0.0000000000E+00   0.0000000000E+00   0.0000000000E+00   0.0000000000E+00   0.0000000000E+00
    4      0.0000000000E+00   0.0000000000E+00   0.0000000000E+00   0.0000000000E+00   0.0000000000E+00
    5      0.0000000000E+00   0.0000000000E+00   0.0000000000E+00   0.0000000000E+00   0.0000000000E+00
    6      0.0000000000E+00   0.0000000000E+00   0.0000000000E+00   0.0000000000E+00   0.0000000000E+00
    7      0.0000000000E+00   0.0000000000E+00   0.0000000000E+00   0.0000000000E+00   0.0000000000E+00
    8      0.0000000000E+00   0.0000000000E+00   0.0000000000E+00   0.0000000000E+00   0.0000000000E+00
    9      0.0000000000E+00   0.0000000000E+00   0.0000000000E+00   0.0000000000E+00   0.0000000000E+00
   10      0.0000000000E+00   0.0000000000E+00   0.0000000000E+00   0.0000000000E+00   0.0000000000E+00
   11      0.0000000000E+00   0.0000000000E+00   0.0000000000E+00   0.0000000000E+00   0.0000000000E+00
                    5                  6                  7                  8                  9        
    0      0.0000000000E+00  -2.7385435966E-04  -6.4036136378E-02   6.0117829699E-03  -2.1593354422E-03
    1      0.0000000000E+00   4.6181469697E-05  -6.0159702943E-03  -6.3979451465E-02   3.3174396571E-04
    2      0.0000000000E+00  -1.1086642599E-01   4.7731428991E-04  -1.2777319161E-04   4.7208231663E-02
    3      0.0000000000E+00   2.5497954120E-01  -1.6100691389E-01   1.5338700030E-02   5.5365890624E-01
    4      0.0000000000E+00  -5.9051288138E-04   7.0655960698E-02   7.5255199648E-01   4.8055432124E-05
    5      0.0000000000E+00   5.1181276063E-01  -2.5799976719E-01   2.4650394435E-02  -2.2729077443E-01
    6      0.0000000000E+00  -1.2591984191E-01   5.6262683562E-01   3.4622135238E-01  -2.6046781144E-01
    7      0.0000000000E+00   2.2359722221E-01   4.0076567365E-01   3.1381799009E-02   4.5074334164E-01
    8      0.0000000000E+00   5.1463712824E-01   1.0487060919E-01  -2.3326563007E-01  -2.1320399247E-01
    9      0.0000000000E+00  -1.2525426475E-01   4.8821555668E-01  -4.4509878660E-01  -2.6318532939E-01
   10      0.0000000000E+00  -2.2364843933E-01  -3.8782471380E-01   1.0511399882E-01  -4.5540125593E-01
   11      0.0000000000E+00   5.1413148902E-01   1.4649647817E-01   2.1039075061E-01  -2.1550295226E-01
                   10                 11        
     0      7.9254861324E-02  -6.8044963998E-03
     1      6.8144684988E-03   7.9306023234E-02
     2      1.3250004755E-03  -3.2174424196E-04
     3     -7.3105742679E-01   6.0396308734E-02
     4      1.0092071231E-03   1.1584093327E-02
     5      3.1082421886E-01  -2.5710290434E-02
     6     -1.5693687063E-01   3.4518756414E-01
     7      2.9316759580E-01  -5.8808525107E-01
     8     -1.4101676630E-01   2.8973042003E-01
     9     -2.1331804639E-01  -3.1102972499E-01
    10     -3.8886952143E-01  -5.2552212344E-01
    11     -1.8821943834E-01  -2.5954922523E-01

#
# The atoms: label  mass x y z (in bohrs)
#
$atoms
4
 N     14.00700     -0.000088832600     0.000015085668     0.075776413145
 H      1.00800      0.989446857877     0.000006043518    -0.351382337184
 H      1.00800     -0.494066017747     0.855716182196    -0.350735409095
 H      1.00800     -0.494146437122    -0.855931853647    -0.350858661380

$actual_temperature
  0.000000

$frequency_scale_factor
  1.000000

$dipole_derivatives
12
   -7.6923836870E-01    1.0749560788E-05    2.2264906825E-04
    1.0431343905E-05   -7.7066527461E-01   -6.5798258536E-05
    2.3319089745E-04   -4.2240665521E-05   -1.0656462522E+00
    2.1892849300E-01    4.0697412059E-06    2.1547016743E-01
   -1.4433395145E-05    2.9467859742E-01    3.9015256934E-07
    2.5974501529E-01    7.9186970734E-06    3.5457089318E-01
    2.7515513813E-01    3.2828273980E-02   -1.0786508554E-01
    3.2327938287E-02    2.3794723134E-01    1.8694923235E-01
   -1.3002971117E-01    2.2530697666E-01    3.5549852285E-01
    2.7512585260E-01   -3.2843176167E-02   -1.0781639035E-01
   -3.2323860401E-02    2.3791577334E-01   -1.8688359144E-01
   -1.3000512674E-01   -2.2527259246E-01    3.5543443203E-01

#
# The IR spectrum
#  wavenumber eps Int TX TY TZ
#
$ir_spectrum
12
      0.00   0.00000000   0.00000000     0.000000     0.000000     0.000000
      0.00   0.00000000   0.00000000     0.000000     0.000000     0.000000
      0.00   0.00000000   0.00000000     0.000000     0.000000     0.000000
      0.00   0.00000000   0.00000000     0.000000     0.000000     0.000000
      0.00   0.00000000   0.00000000     0.000000     0.000000     0.000000
      0.00   0.00000000   0.00000000     0.000000     0.000000     0.000000
  -7179.61   0.00000000   0.00000000     0.000000     0.000000     0.000000
  -6413.40   0.00000000   0.00000000     0.000000     0.000000     0.000000
  -6401.25   0.00000000   0.00000000     0.000000     0.000000     0.000000
  13796.68   0.00071603   3.61852958     0.000311    -0.000048     0.004012
  14428.46   0.00560342  28.31738472    -0.010968    -0.000942     0.000103
  14454.10   0.00560727  28.33686547     0.000941    -0.010962    -0.000028


$end

