
$orca_hessian_file

$act_atom
  0

$act_coord
  0

$act_energy
        0.000000

$multiplicity
  1

$hessian
12
                    0                  1                  2                  3                  4        
    0      7.6237155660E+00  -2.0226153463E+00  -1.0794355455E-03  -7.1791040931E+00  -2.5359555212E-02
    1     -2.0226153463E+00   7.6357685760E+00  -1.8094570858E+00   2.3581121875E-02   2.0767638311E+00
    2     -1.0794355455E-03  -1.8094570858E+00  -1.4620567386E+00   3.9647421252E+00   2.2769141616E-02
    3     -7.1791040931E+00   2.3581121875E-02   3.9647421252E+00   7.1581075308E+00  -1.3757324644E-03
    4     -2.5359555212E-02   2.0767638311E+00   2.2769141616E-02  -1.3757324644E-03  -2.1680566285E+00
    5      4.2813592394E+00  -1.3385954464E-03   4.7826630941E-01  -4.0918103827E+00  -6.4012423085E-03
    6     -1.2509760947E-01   5.0093788764E+00  -2.4839984000E+00   1.3532417367E-02   1.6801104847E-01
    7      5.0391257950E+00  -5.9295701555E+00   4.3342678161E+00  -1.0369737202E-01   5.0936679832E-02
    8     -2.6631473933E+00   4.6157745527E+00   7.4173979898E-01   7.0863278515E-02  -8.0152862188E-02
    9     -3.1951386352E-01  -3.0103551557E+00  -1.4796669492E+00   7.4641448824E-03  -1.4128538773E-01
   10     -2.9911403897E+00  -3.7829622516E+00  -2.5475613190E+00   8.1501609540E-02   4.0356117499E-02
   11     -1.6171297509E+00  -2.8049974243E+00   2.4205063025E-01   5.6143910801E-02   6.3793564135E-02
                    5                  6                  7                  8                  9        
    0      4.2813592394E+00  -1.2509760947E-01   5.0391257950E+00  -2.6631473933E+00  -3.1951386352E-01
    1     -1.3385954464E-03   5.0093788764E+00  -5.9295701555E+00   4.6157745527E+00  -3.0103551557E+00
    2      4.7826630941E-01  -2.4839984000E+00   4.3342678161E+00   7.4173979898E-01  -1.4796669492E+00
    3     -4.0918103827E+00   1.3532417367E-02  -1.0369737202E-01   7.0863278515E-02   7.4641448824E-03
    4     -6.4012423085E-03   1.6801104847E-01   5.0936679832E-02  -8.0152862188E-02  -1.4128538773E-01
    5     -5.7133986916E-01  -1.0584281207E-01   2.3311141617E-02   5.0288426162E-02  -8.3644976414E-02
    6     -1.0584281207E-01   4.9333852863E-02  -5.0554662126E+00   2.5616240678E+00   6.2231339237E-02
    7      2.3311141617E-02  -5.0554662126E+00   5.8872504163E+00  -4.4475492334E+00   1.2015026314E-01
    8      5.0288426162E-02   2.5616240678E+00  -4.4475492334E+00  -8.3732848536E-01   3.0619520216E-02
    9     -8.3644976414E-02   6.2231339237E-02   1.2015026314E-01   3.0619520216E-02   2.4981837940E-01
   10     -1.5579905116E-02  -1.2203618574E-01  -8.6169406230E-03  -8.8116335967E-02   3.0315826231E+00
   11      4.2785133589E-02   2.8257671035E-02   9.0014154593E-02   4.5300260219E-02   1.5327102872E+00
                   10                 11        
     0     -2.9911403897E+00  -1.6171297509E+00
     1     -3.7829622516E+00  -2.8049974243E+00
     2     -2.5475613190E+00   2.4205063025E-01
     3      8.1501609540E-02   5.6143910801E-02
     4      4.0356117499E-02   6.3793564135E-02
     5     -1.5579905116E-02   4.2785133589E-02
     6     -1.2203618574E-01   2.8257671035E-02
     7     -8.6169406230E-03   9.0014154593E-02
     8     -8.8116335967E-02   4.5300260219E-02
     9      3.0315826231E+00   1.5327102872E+00
    10      3.7512230747E+00   2.6512236328E+00
    11      2.6512236328E+00  -3.3013602406E-01

$vibrational_frequencies
12
    0        0.0000000000000000
    1        0.0000000000000000
    2        0.0000000000000000
    3        0.0000000000000000
    4        0.0000000000000000
    5        0.0000000000000000
    6    -8432.3798874947024160
    7    -7987.1342707823232558
    8    -6866.2440282689258311
    9    13778.5965843297071842
   10    15815.8452221288080182
   11    17636.7956374710520322

$normal_modes
12 12
                    0                  1                  2                  3                  4        
    0      0.0000000000E+00   0.0000000000E+00   0.0000000000E+00   0.0000000000E+00   0.0000000000E+00
    1      0.0000000000E+00   0.0000000000E+00   0.0000000000E+00   0.0000000000E+00   0.0000000000E+00
    2      0.0000000000E+00   0.0000000000E+00   0.0000000000E+00   0.0000000000E+00   0.0000000000E+00
    3      0.0000000000E+00   0.0000000000E+00   0.0000000000E+00   0.0000000000E+00   0.0000000000E+00
    4      0.0000000000E+00   0.0000000000E+00   0.0000000000E+00   0.0000000000E+00   0.0000000000E+00
    5      0.0000000000E+00   0.0000000000E+00   0.0000000000E+00   0.0000000000E+00   0.0000000000E+00
    6      0.0000000000E+00   0.0000000000E+00   0.0000000000E+00   0.0000000000E+00   0.0000000000E+00
    7      0.0000000000E+00   0.0000000000E+00   0.0000000000E+00   0.0000000000E+00   0.0000000000E+00
    8      0.0000000000E+00   0.0000000000E+00   0.0000000000E+00   0.0000000000E+00   0.0000000000E+00
    9      0.0000000000E+00   0.0000000000E+00   0.0000000000E+00   0.0000000000E+00   0.0000000000E+00
   10      0.0000000000E+00   0.0000000000E+00   0.0000000000E+00   0.0000000000E+00   0.0000000000E+00
   11      0.0000000000E+00   0.0000000000E+00   0.0000000000E+00   0.0000000000E+00   0.0000000000E+00
                    5                  6                  7                  8                  9        
    0      0.0000000000E+00  -1.1085040536E-02  -4.9649623664E-02   3.9380745412E-02   2.6289263001E-02
    1      0.0000000000E+00  -2.1544131533E-02  -3.8423979711E-02  -4.7460008857E-02   5.0935149550E-02
    2      0.0000000000E+00   1.0065903105E-01  -3.7172455055E-02  -1.9589039965E-02   3.2230916763E-02
    3      0.0000000000E+00  -2.5886918888E-01  -3.1392670962E-02   1.5595046648E-01   1.1670213574E-01
    4      0.0000000000E+00   2.7033537531E-01   4.1210334257E-01   5.8316602043E-01   1.0293184504E-02
    5      0.0000000000E+00  -5.0440800686E-01  -1.5182494152E-02   2.6890708773E-01  -4.3348940519E-02
    6      0.0000000000E+00   3.6094108348E-01   5.9862176695E-01  -7.0745371482E-02  -2.7319885113E-02
    7      0.0000000000E+00  -1.2367565046E-01   4.3479594373E-01  -1.7712500973E-01   7.0800121514E-02
    8      0.0000000000E+00  -5.5497896411E-01   1.6129446803E-01  -1.6938208895E-01  -2.4198596674E-02
    9      0.0000000000E+00   5.1963981187E-02   1.2269379951E-01  -6.3243336979E-01  -4.5469346775E-01
   10      0.0000000000E+00   1.5271393625E-01  -3.1296606823E-01   2.5345536238E-01  -7.8887965497E-01
   11      0.0000000000E+00  -3.3935414794E-01   3.7043026616E-01   1.7268103573E-01  -3.8032791032E-01
                   10                 11        
     0      6.3317875442E-02   3.8861014349E-02
     1      1.3579475225E-02  -5.8517083959E-02
     2     -2.7658763562E-02   2.2989840358E-02
     3     -9.0428179753E-01  -1.1168577068E-01
     4      3.9357437552E-03  -6.6324218156E-03
     5      3.8351690692E-01   5.0529804762E-02
     6      7.0762970022E-02  -4.5432572299E-01
     7     -1.0006503651E-01   7.8679691486E-01
     8      4.7732590671E-02  -3.8968346988E-01
     9     -4.6335816646E-02   2.6005315110E-02
    10     -9.2568831725E-02   3.2979152807E-02
    11     -4.6907928931E-02   1.9690675138E-02

#
# The atoms: label  mass x y z (in bohrs)
#
$atoms
4
 N     14.00700      0.000495746681     0.006230875173     0.072482788083
 H      1.00800      0.932654414445     0.006303867735    -0.333425581610
 H      1.00800     -0.439261732005     0.768100701720    -0.311762636154
 H      1.00800     -0.500281495694    -0.860987772384    -0.362020524973

$actual_temperature
  0.000000

$frequency_scale_factor
  1.000000

$dipole_derivatives
12
   -8.2466239524E-01    8.6415758234E-03   -3.2502437961E-03
    8.2266272433E-03   -8.2602190070E-01   -3.3329221622E-02
   -7.1490912659E-04   -2.8529754837E-02   -1.1151069856E+00
    2.3398095555E-01    2.8648994728E-03    2.3338523608E-01
   -7.5355735729E-03    3.1611418040E-01    2.3971715478E-03
    2.8035619234E-01    2.8935916796E-03    3.7166675930E-01
    3.0411984252E-01    2.8533502664E-02   -1.2261011250E-01
    3.5187630455E-02    2.6456609309E-01    2.1491433088E-01
   -1.4574066660E-01    2.5472524035E-01    3.8589184060E-01
    2.8658589317E-01   -3.9955678006E-02   -1.0748768662E-01
   -3.5903268255E-02    2.4520363672E-01   -1.8397064568E-01
   -1.3395329432E-01   -2.2906501912E-01    3.5741785046E-01

#
# The IR spectrum
#  wavenumber eps Int TX TY TZ
#
$ir_spectrum
12
      0.00   0.00000000   0.00000000     0.000000     0.000000     0.000000
      0.00   0.00000000   0.00000000     0.000000     0.000000     0.000000
      0.00   0.00000000   0.00000000     0.000000     0.000000     0.000000
      0.00   0.00000000   0.00000000     0.000000     0.000000     0.000000
      0.00   0.00000000   0.00000000     0.000000     0.000000     0.000000
      0.00   0.00000000   0.00000000     0.000000     0.000000     0.000000
  -8432.38   0.00000000   0.00000000     0.000000     0.000000     0.000000
  -7987.13   0.00000000   0.00000000     0.000000     0.000000     0.000000
  -6866.24   0.00000000   0.00000000     0.000000     0.000000     0.000000
  13778.60   0.00336821  17.02152955    -0.003815    -0.007411     0.002609
  15815.85   0.00453473  22.91664893    -0.008865    -0.001937    -0.002671
  17636.80   0.00562339  28.41831325    -0.005316     0.008111     0.002333


$end

