*************************************************
******************* ORCA 6.0.1 ******************
*************************************************
$Calculation_Status
   &GeometryIndex 1
   &ListStatus       OUT
   &VERSION [&Type "String"] "6.0.1"
   &PROGNAME [&Type "String"] "LeanSCF"
   &STATUS [&Type "String"] "NORMAL TERMINATION"
$End
$Geometry
   &GeometryIndex 1
   &ListStatus       OUT
   &NATOMS [&Type "Integer"] 4
   &NCORELESSECP [&Type "Integer"] 0
   &NGHOSTATOMS [&Type "Integer"] 0
   &CartesianCoordinates [&Type "Coordinates", &Dim(4,4), &Units "Bohr"] 
              N      0.000143535093    0.001920248424    0.156181356271
              H      0.932302202857    0.001993240985   -0.249727013422
              H     -0.439613943592    0.763790074970   -0.228064067966
              H     -0.500633707281   -0.865298399134   -0.278321956785
$End
$SCF_Energy
   &GeometryIndex 1
   &ListStatus       OUT
   &SCF_ENERGY [&Type "Double"]      -5.4528837835595766e+01
$End
$DFT_Energy
   &GeometryIndex 1
   &ListStatus       OUT
   &NALPHAEL [&Type "Integer"] 5
   &NBETAEL [&Type "Integer"] 5
   &NTOTALEL [&Type "Integer"] 10
   &EEXCHANGE [&Type "Double"]      -6.8149982555092850e+00
   &ECORR [&Type "Double"]      -4.0815448672504850e-01
   &ECNL [&Type "Double"]       0.0000000000000000e+00
   &EXC [&Type "Double"]      -7.2231527422343333e+00
   &EEMBED [&Type "Double"]       0.0000000000000000e+00
   &FINALEN [&Type "Double"]      -5.4528837835595766e+01  "No Van der Waals correction"
$End
$Mulliken_Population_Analysis
   &GeometryIndex 1
   &ListStatus       OUT
   &NATOMS [&Type "Integer"] 4
   &ATNO [&Type "ArrayOfIntegers", &Dim (4,1)] 
                                                         0

0                                                        7
1                                                        1
2                                                        1
3                                                        1
   &ATOMICCHARGES [&Type "ArrayOfDoubles", &Dim (4,1)] 
                                                         0

0                                      9.5098431780622672e-01
1                                     -3.2319256461942536e-01
2                                     -3.7735620525041647e-01
3                                     -2.5043554793635847e-01
$End
$Loewdin_Population_Analysis
   &GeometryIndex 1
   &ListStatus       OUT
   &NATOMS [&Type "Integer"] 4
   &ATNO [&Type "ArrayOfIntegers", &Dim (4,1)] 
                                                         0

0                                                        7
1                                                        1
2                                                        1
3                                                        1
   &ATOMICCHARGES [&Type "ArrayOfDoubles", &Dim (4,1)] 
                                                         0

0                                      4.1686570032028314e-01
1                                     -1.4182048559724469e-01
2                                     -1.9013156721242375e-01
3                                     -8.4913647510583612e-02
$End
$Mayer_Population_Analysis
   &GeometryIndex 1
   &ListStatus       OUT
   &NATOMS [&Type "Integer"] 4 "Total number of atoms"
   &BONDTHRESH [&Type "Double"]       1.0000000000000001e-01  "The threshold for printing"
   &NBONDORDERSPRINT [&Type "Integer"] 6 "The number of bond orders larger than threshold"
   &BONDORDERS [&Type "ArrayOfDoubles", &Dim (6,1)] "The bond orders"
                                                         0

0                                      3.0500051589611732e-01
1                                      2.0643937296195430e-01
2                                      4.1318113103319637e-01
3                                      2.7643981666975070e-01
4                                      2.2955295647642893e-01
5                                      2.4876919655871324e-01
   &COMPONENTS [&Type "ArrayOfIntegers", &Dim (6,4)] "The indices and atomic numbers of the bonding atoms"
                                                         0                           1                           2                           3

0                                                        0                           7                           1                           1
1                                                        0                           7                           2                           1
2                                                        0                           7                           3                           1
3                                                        1                           1                           2                           1
4                                                        1                           1                           3                           1
5                                                        2                           1                           3                           1
   &ATNO [&Type "ArrayOfIntegers", &Dim (4,1)] "Atomic number of the elements"
                                                         0

0                                                        7
1                                                        1
2                                                        1
3                                                        1
   &NA [&Type "ArrayOfDoubles", &Dim (4,1)] "Mulliken gross atomic population"
                                                         0

0                                      6.0490156821937688e+00
1                                      1.3231925646194254e+00
2                                      1.3773562052504178e+00
3                                      1.2504355479363582e+00
   &ZA [&Type "ArrayOfDoubles", &Dim (4,1)] "Total nuclear charge"
                                                         0

0                                      7.0000000000000000e+00
1                                      1.0000000000000000e+00
2                                      1.0000000000000000e+00
3                                      1.0000000000000000e+00
   &QA [&Type "ArrayOfDoubles", &Dim (4,1)] "Mulliken gross atomic charge"
                                                         0

0                                      9.5098431780623116e-01
1                                     -3.2319256461942536e-01
2                                     -3.7735620525041780e-01
3                                     -2.5043554793635825e-01
   &VA [&Type "ArrayOfDoubles", &Dim (4,1)] "Mayer's total valence"
                                                         0

0                                      9.2462101989127077e-01
1                                      8.1099328904231305e-01
2                                      7.3164838619043304e-01
3                                      8.9150328406835333e-01
   &BVA [&Type "ArrayOfDoubles", &Dim (4,1)] "Mayer's bonded valence"
                                                         0

0                                      9.2462101989126799e-01
1                                      8.1099328904229695e-01
2                                      7.3164838619041817e-01
3                                      8.9150328406833856e-01
   &FA [&Type "ArrayOfDoubles", &Dim (4,1)] "Mayer's free valence"
                                                         0

0                                      0.0000000000000000e+00
1                                      0.0000000000000000e+00
2                                      0.0000000000000000e+00
3                                      0.0000000000000000e+00
$End
$SCF_Nuc_Gradient
   &GeometryIndex 1
   &ListStatus       OUT
   &NATOMS [&Type "Integer"] 4
   &ROOT [&Type "Integer"] 0
   &GRADNORM [&Type "Double"]       5.3374624331542773e+00
   &GRAD [&Type "ArrayOfDoubles", &Dim (12,1)] 
                                                         0

0                                      1.0214740532465932e-02
1                                      9.2306469070168151e-01
2                                     -2.8704613498822962e+00
3                                     -2.3142583989351260e+00
4                                      8.0316750488778135e-04
5                                      9.5935786740316686e-01
6                                      1.4190208870501735e+00
7                                     -2.4573109757359979e+00
8                                      1.1876886942607461e+00
9                                      8.8502277132734097e-01
10                                     1.5334431174630534e+00
11                                     7.2341478838753748e-01
$End
$SCF_Dipole_Moment
   &GeometryIndex 1
   &ListStatus       OUT
   &METHOD [&Type "String"] "SCF"
   &LEVEL [&Type "String"] "Relaxed density"
   &MULT [&Type "Integer"] 1
   &STATE [&Type "Integer"] -1
   &IRREP [&Type "Integer"] 0
   &NATOMS [&Type "Integer"] 4
   &DODIPOLEATOM [&Type "Boolean"] false
   &DIPOLEELECCONTRIB [&Type "ArrayOfDoubles", &Dim (3,1)] "Electronic contribution"
                                                         0

0                                      2.6341647292135724e-03
1                                      3.0599636345482236e-02
2                                     -2.2961083910499749e-01
   &DIPOLENUCCONTRIB [&Type "ArrayOfDoubles", &Dim (3,1)] "Nuclear contribution"
                                                         0

0                                     -3.4185864872229299e-03
1                                     -4.2967076715804131e-02
2                                     -4.9982922615615927e-01
   &DIPOLETOTAL [&Type "ArrayOfDoubles", &Dim (3,1)] "Total"
                                                         0

0                                     -7.8442175800935753e-04
1                                     -1.2367440370321895e-02
2                                     -7.2944006526115679e-01
   &DIPOLEMAGNITUDE [&Type "Double", &Units "a.u."]       7.2954532258592997e-01
$End
$SCF_Polarizability
   &GeometryIndex 1
   &ListStatus       OUT
   &METHOD [&Type "String"] "SCF"
   &LEVEL [&Type "String"] "Relaxed density"
   &MULT [&Type "Integer"] 1
   &STATE [&Type "Integer"] -1
   &IRREP [&Type "Integer"] 0
   &NATOMS [&Type "Integer"] 4
   &DODIPOLEATOM [&Type "Boolean"] false
   &RAWCARTESIAN [&Type "ArrayOfDoubles", &Units "a.u", &Dim (3,3)] 
                                                         0                           1                           2

0                                      3.4346322428090450e+00         8.0371780886945715e-02         1.1363648903836374e-02
1                                      8.0371780886945715e-02         3.4528738068530367e+00         1.2082272524464548e-01
2                                      1.1363648903836374e-02         1.2082272524464548e-01         3.7745206100072104e+00
   &DIAGONALIZEDTENSOR [&Type "ArrayOfDoubles", &Dim (3,1)] 
                                                         0

0                                      3.3489049072351085e+00
1                                      3.4947325453725564e+00
2                                      3.8183892070616281e+00
   &ORIENTATION [&Type "ArrayOfDoubles", &Dim (3,3)] 
                                                         0                           1                           2

0                                      6.5811442552056354e-01         7.4661344166569732e-01         9.7230507793804655e-02
1                                     -7.2873251461329736e-01         5.9917257214334119e-01         3.3157374886518498e-01
2                                      1.8929956436061629e-01        -2.8906849969381782e-01         9.3840560389292527e-01
   &ISOTROPICPOLAR [&Type "Double"]       3.5540088865564305e+00
$End
$THERMOCHEMISTRY_Energies
   &GeometryIndex 1
   &ListStatus       OUT
   &TEMPERATURE [&Type "Double"]       2.9814999999999998e+02
   &PRESSURE [&Type "Double"]       1.0000000000000000e+00
   &TOTALMASS [&Type "Double"]       1.7030999999999999e+01
   &SPINDEGENERACY [&Type "Integer"] 1
   &ELENERGY [&Type "Double"]      -5.4528837835595766e+01
   &TRANSENERGY [&Type "Double"]       1.4162714244859817e-03
   &ROTENERGY [&Type "Double"]       1.4162714244859817e-03
   &VIBENERGY [&Type "Double"]       8.3533769092741111e-31
   &NUMOFFREQS [&Type "Integer"] 12
   &FREQSCALINGFACTOR [&Type "Double"]       1.0000000000000000e+00
   &FREQ [&Type "ArrayOfDoubles", &Dim (12,1)] "In cm^-1"
                                                         0

0                                      0.0000000000000000e+00
1                                      0.0000000000000000e+00
2                                      0.0000000000000000e+00
3                                      0.0000000000000000e+00
4                                      0.0000000000000000e+00
5                                      0.0000000000000000e+00
6                                     -8.4323798874947024e+03
7                                     -7.9871342707823233e+03
8                                     -6.8662440282689258e+03
9                                      1.3778596584329707e+04
10                                     1.5815845222128808e+04
11                                     1.7636795637471052e+04
   &ZPE [&Type "Double"]       1.0760067624775781e-01
   &INNERENERGYU [&Type "Double"]      -5.4418404616499032e+01
   &ENTHALPYH [&Type "Double"]      -5.4417460407456772e+01
   &QEL [&Type "Double"]       0.0000000000000000e+00
   &QROT [&Type "Double"]       4.6958792053099756e-03
   &QVIB [&Type "Double"]      -5.4669122356558798e-12
   &QTRANS [&Type "Double"]       1.6364250539629886e-02
   &ENTROPYS [&Type "Double"]       2.1060129739472952e-02
   &FREEENERGYG [&Type "Double"]      -5.4438520537196247e+01
   &ISLINEAR [&Type "Boolean"] false
$End
$Hessian
   &GeometryIndex 1
   &ListStatus       OUT
   &HESSIAN [&Type "ArrayOfDoubles", &Dim (12,12)] "The Hessian"
                                                         0                           1                           2                           3                           4                           5                           6                           7

0                                      7.6237155660377951e+00        -2.0226153462784371e+00        -1.0794355454993854e-03        -7.1791040930525307e+00        -2.5359555212362730e-02         4.2813592393691451e+00        -1.2509760946751702e-01         5.0391257949817509e+00
1                                     -2.0226153462784371e+00         7.6357685760267326e+00        -1.8094570858059660e+00         2.3581121874500899e-02         2.0767638311338312e+00        -1.3385954464172622e-03         5.0093788763799658e+00        -5.9295701555383271e+00
2                                     -1.0794355454993854e-03        -1.8094570858059660e+00        -1.4620567386422922e+00         3.9647421251982928e+00         2.2769141616009778e-02         4.7826630941325154e-01        -2.4839984000352140e+00         4.3342678161161894e+00
3                                     -7.1791040930525307e+00         2.3581121874500899e-02         3.9647421251982928e+00         7.1581075308026580e+00        -1.3757324644165722e-03        -4.0918103827011532e+00         1.3532417367444260e-02        -1.0369737201512762e-01
4                                     -2.5359555212362730e-02         2.0767638311338312e+00         2.2769141616009778e-02        -1.3757324644165722e-03        -2.1680566284646785e+00        -6.4012423085055767e-03         1.6801104847062415e-01         5.0936679832241621e-02
5                                      4.2813592393691451e+00        -1.3385954464172622e-03         4.7826630941325154e-01        -4.0918103827011532e+00        -6.4012423085055767e-03        -5.7133986916443968e-01        -1.0584281206775675e-01         2.3311141616593839e-02
6                                     -1.2509760946751702e-01         5.0093788763799658e+00        -2.4839984000352140e+00         1.3532417367444260e-02         1.6801104847062415e-01        -1.0584281206775675e-01         4.9333852862619945e-02        -5.0554662126090459e+00
7                                      5.0391257949817509e+00        -5.9295701555383271e+00         4.3342678161161894e+00        -1.0369737201512762e-01         5.0936679832241621e-02         2.3311141616593839e-02        -5.0554662126090459e+00         5.8872504163291079e+00
8                                     -2.6631473933122640e+00         4.6157745526678706e+00         7.4173979898230313e-01         7.0863278515174127e-02        -8.0152862188167515e-02         5.0288426161896049e-02         2.5616240678246127e+00        -4.4475492334192417e+00
9                                     -3.1951386351774808e-01        -3.0103551557196995e+00        -1.4796669492297438e+00         7.4641448824284695e-03        -1.4128538772921231e-01        -8.3644976414036940e-02         6.2231339237452818e-02         1.2015026314011792e-01
10                                    -2.9911403897472812e+00        -3.7829622516222363e+00        -2.5475613190442608e+00         8.1501609540410747e-02         4.0356117498605723e-02        -1.5579905115758075e-02        -1.2203618573924006e-01        -8.6169406230224288e-03
11                                    -1.6171297508992173e+00        -2.8049974242974600e+00         2.4205063024673767e-01         5.6143910801489227e-02         6.3793564134750388e-02         4.2785133589292070e-02         2.8257671034614743e-02         9.0014154593000523e-02
                                                         8                           9                          10                          11

0                                     -2.6631473933122640e+00        -3.1951386351774808e-01        -2.9911403897472812e+00        -1.6171297508992173e+00
1                                      4.6157745526678706e+00        -3.0103551557196995e+00        -3.7829622516222363e+00        -2.8049974242974600e+00
2                                      7.4173979898230313e-01        -1.4796669492297438e+00        -2.5475613190442608e+00         2.4205063024673767e-01
3                                      7.0863278515174127e-02         7.4641448824284695e-03         8.1501609540410747e-02         5.6143910801489227e-02
4                                     -8.0152862188167515e-02        -1.4128538772921231e-01         4.0356117498605723e-02         6.3793564134750388e-02
5                                      5.0288426161896049e-02        -8.3644976414036940e-02        -1.5579905115758075e-02         4.2785133589292070e-02
6                                      2.5616240678246127e+00         6.2231339237452818e-02        -1.2203618573924006e-01         2.8257671034614743e-02
7                                     -4.4475492334192417e+00         1.2015026314011792e-01        -8.6169406230224288e-03         9.0014154593000523e-02
8                                     -8.3732848536321958e-01         3.0619520216219810e-02        -8.8116335967002857e-02         4.5300260219020311e-02
9                                      3.0619520216219810e-02         2.4981837939786677e-01         3.0315826231274521e+00         1.5327102872453371e+00
10                                    -8.8116335967002857e-02         3.0315826231274521e+00         3.7512230747466533e+00         2.6512236328483656e+00
11                                     4.5300260219020311e-02         1.5327102872453371e+00         2.6512236328483656e+00        -3.3013602405505005e-01
   &MODES [&Type "ArrayOfDoubles", &Dim (12,12)] "The modes of vibrations"
                                                         0                           1                           2                           3                           4                           5                           6                           7

0                                      0.0000000000000000e+00         0.0000000000000000e+00         0.0000000000000000e+00         0.0000000000000000e+00         0.0000000000000000e+00         0.0000000000000000e+00        -1.0348830220581822e-02        -4.7837484305629931e-02
1                                      0.0000000000000000e+00         0.0000000000000000e+00         0.0000000000000000e+00         0.0000000000000000e+00         0.0000000000000000e+00         0.0000000000000000e+00        -2.0113283190637554e-02        -3.7021560099020683e-02
2                                      0.0000000000000000e+00         0.0000000000000000e+00         0.0000000000000000e+00         0.0000000000000000e+00         0.0000000000000000e+00         0.0000000000000000e+00         9.3973785575745469e-02        -3.5815714280731312e-02
3                                      0.0000000000000000e+00         0.0000000000000000e+00         0.0000000000000000e+00         0.0000000000000000e+00         0.0000000000000000e+00         0.0000000000000000e+00        -2.4167645361909812e-01        -3.0246883936282734e-02
4                                      0.0000000000000000e+00         0.0000000000000000e+00         0.0000000000000000e+00         0.0000000000000000e+00         0.0000000000000000e+00         0.0000000000000000e+00         2.5238111601946617e-01         3.9706216739608052e-01
5                                      0.0000000000000000e+00         0.0000000000000000e+00         0.0000000000000000e+00         0.0000000000000000e+00         0.0000000000000000e+00         0.0000000000000000e+00        -4.7090786973393101e-01        -1.4628355103771461e-02
6                                      0.0000000000000000e+00         0.0000000000000000e+00         0.0000000000000000e+00         0.0000000000000000e+00         0.0000000000000000e+00         0.0000000000000000e+00         3.3696926775354080e-01         5.7677293940939534e-01
7                                      0.0000000000000000e+00         0.0000000000000000e+00         0.0000000000000000e+00         0.0000000000000000e+00         0.0000000000000000e+00         0.0000000000000000e+00        -1.1546176171385868e-01         4.1892652147679466e-01
8                                      0.0000000000000000e+00         0.0000000000000000e+00         0.0000000000000000e+00         0.0000000000000000e+00         0.0000000000000000e+00         0.0000000000000000e+00        -5.1812016895216195e-01         1.5540745354205740e-01
9                                      0.0000000000000000e+00         0.0000000000000000e+00         0.0000000000000000e+00         0.0000000000000000e+00         0.0000000000000000e+00         0.0000000000000000e+00         4.8512805805725583e-02         1.1821565352386987e-01
10                                     0.0000000000000000e+00         0.0000000000000000e+00         0.0000000000000000e+00         0.0000000000000000e+00         0.0000000000000000e+00         0.0000000000000000e+00         1.4257147669762696e-01        -3.0154325999690013e-01
11                                     0.0000000000000000e+00         0.0000000000000000e+00         0.0000000000000000e+00         0.0000000000000000e+00         0.0000000000000000e+00         0.0000000000000000e+00        -3.1681602337687031e-01         3.5691009792104317e-01
                                                         8                           9                          10                          11

0                                      3.8206244607949198e-02         2.5483806438789273e-02         6.1141560702389616e-02         3.7411126841064561e-02
1                                     -4.6044550160804811e-02         4.9374586575522260e-02         1.3112731641501710e-02        -5.6333837061327101e-02
2                                     -1.9004811734871240e-02         3.1243418428793641e-02        -2.6708097191565121e-02         2.2132099434693544e-02
3                                      1.5129936233375477e-01         1.1312658852539366e-01        -8.7320049875928218e-01        -1.0751882325293254e-01
4                                      5.6577353705240607e-01         9.9778195201481821e-03         3.8004673094203527e-03        -6.3849690483458715e-03
5                                      2.6088713819573234e-01        -4.2020805583700117e-02         3.7033495014227324e-01         4.8644559769760863e-02
6                                     -6.8635444540913804e-02        -2.6482852109888641e-02         6.8330758051143956e-02        -4.3737502828058344e-01
7                                     -1.7184239092511544e-01         6.8630930902350659e-02        -9.6625675788524892e-02         7.5744186489049437e-01
8                                     -1.6433039686639217e-01        -2.3457194433607026e-02         4.6091961703614813e-02        -3.7514454946204329e-01
9                                     -6.1357152515746838e-01        -4.4076246338784769e-01        -4.4743196552151164e-02         2.5035068137889499e-02
10                                     2.4589624881555971e-01        -7.6470977637819371e-01        -8.9387124955929695e-02         3.1748714989209600e-02
11                                     1.6753095506980833e-01        -3.6867533523280460e-01        -4.5295644621430931e-02         1.8956024631019985e-02
$End
