
$orca_hessian_file

$act_atom
  0

$act_coord
  0

$act_energy
        0.000000

$multiplicity
  1

$hessian
12
                    0                  1                  2                  3                  4        
    0      7.5162696757E+00  -3.7638009043E-07  -6.0909761167E-04  -7.0249408627E+00   3.2637289818E-07
    1     -3.7638009043E-07   7.5189307743E+00   3.7602635761E-07   3.3204125684E-07   2.0139215832E+00
    2     -6.0909761167E-04   3.7602635761E-07  -1.3735760669E+00   3.8687345298E+00  -1.3338653478E-07
    3     -7.0249408627E+00   3.3204125684E-07   3.8687345298E+00   7.0029748132E+00  -3.1886964222E-07
    4      3.2637289818E-07   2.0139215832E+00  -1.3338653478E-07  -3.1886964222E-07  -2.1052028402E+00
    5      4.1821788480E+00  -1.3917955409E-07   4.5770390138E-01  -3.9952430760E+00   1.4801320524E-07
    6     -2.4566449012E-01   3.9141925470E+00  -1.9340628872E+00   1.0983032190E-02   1.5252187606E-01
    7      3.9138376651E+00  -4.7664261119E+00   3.3506039386E+00  -9.2653523277E-02   4.5640633139E-02
    8     -2.0907846362E+00   3.6217293485E+00   4.5793615931E-01   6.3228175715E-02  -7.1289912745E-02
    9     -2.4566432281E-01  -3.9141923221E+00  -1.9340629411E+00   1.0983017369E-02  -1.5252191812E-01
   10     -3.9138377956E+00  -4.7664262455E+00  -3.3506043098E+00   9.2653544666E-02   4.5640623929E-02
   11     -2.0907847182E+00  -3.6217294568E+00   4.5793600617E-01   6.3228197029E-02   7.1289909552E-02
                    5                  6                  7                  8                  9        
    0      4.1821788480E+00  -2.4566449012E-01   3.9138376651E+00  -2.0907846362E+00  -2.4566432281E-01
    1     -1.3917955409E-07   3.9141925470E+00  -4.7664261119E+00   3.6217293485E+00  -3.9141923221E+00
    2      4.5770390138E-01  -1.9340628872E+00   3.3506039386E+00   4.5793615931E-01  -1.9340629411E+00
    3     -3.9952430760E+00   1.0983032190E-02  -9.2653523277E-02   6.3228175715E-02   1.0983017369E-02
    4      1.4801320524E-07   1.5252187606E-01   4.5640633139E-02  -7.1289912745E-02  -1.5252191812E-01
    5     -5.4885085848E-01  -9.3441798220E-02   1.9028171961E-02   4.5573478340E-02  -9.3441800298E-02
    6     -9.3441798220E-02   1.7168760950E-01  -3.9439500419E+00   1.9974179732E+00   6.2993848428E-02
    7      1.9028171961E-02  -3.9439500419E+00   4.7275701957E+00  -3.4600349799E+00   1.2290750397E-01
    8      4.5573478340E-02   1.9974179732E+00  -3.4600349799E+00  -5.4904169012E-01   3.0112807052E-02
    9     -9.3441800298E-02   6.2993848428E-02   1.2290750397E-01   3.0112807052E-02   1.7168745701E-01
   10     -1.9028192228E-02  -1.2290598494E-01  -6.7847169251E-03  -9.0465746887E-02   3.9439484861E+00
   11      4.5573478756E-02   3.0112392348E-02   9.0464160477E-02   4.5532052473E-02   1.9974180316E+00
                   10                 11        
     0     -3.9138377956E+00  -2.0907847182E+00
     1     -4.7664262455E+00  -3.6217294568E+00
     2     -3.3506043098E+00   4.5793600617E-01
     3      9.2653544666E-02   6.3228197029E-02
     4      4.5640623929E-02   7.1289909552E-02
     5     -1.9028192228E-02   4.5573478756E-02
     6     -1.2290598494E-01   3.0112392348E-02
     7     -6.7847169251E-03   9.0464160477E-02
     8     -9.0465746887E-02   4.5532052473E-02
     9      3.9439484861E+00   1.9974180316E+00
    10      4.7275703385E+00   3.4600368178E+00
    11      3.4600368178E+00  -5.4904153740E-01

$vibrational_frequencies
12
    0        0.0000000000000000
    1        0.0000000000000000
    2        0.0000000000000000
    3        0.0000000000000000
    4        0.0000000000000000
    5        0.0000000000000000
    6    -8104.3645139971658864
    7    -7294.6000231221541981
    8    -7292.8993668019256802
    9    15172.0464169943879824
   10    15880.1131303306447080
   11    15880.7246026132052066

$normal_modes
12 12
                    0                  1                  2                  3                  4        
    0      0.0000000000E+00   0.0000000000E+00   0.0000000000E+00   0.0000000000E+00   0.0000000000E+00
    1      0.0000000000E+00   0.0000000000E+00   0.0000000000E+00   0.0000000000E+00   0.0000000000E+00
    2      0.0000000000E+00   0.0000000000E+00   0.0000000000E+00   0.0000000000E+00   0.0000000000E+00
    3      0.0000000000E+00   0.0000000000E+00   0.0000000000E+00   0.0000000000E+00   0.0000000000E+00
    4      0.0000000000E+00   0.0000000000E+00   0.0000000000E+00   0.0000000000E+00   0.0000000000E+00
    5      0.0000000000E+00   0.0000000000E+00   0.0000000000E+00   0.0000000000E+00   0.0000000000E+00
    6      0.0000000000E+00   0.0000000000E+00   0.0000000000E+00   0.0000000000E+00   0.0000000000E+00
    7      0.0000000000E+00   0.0000000000E+00   0.0000000000E+00   0.0000000000E+00   0.0000000000E+00
    8      0.0000000000E+00   0.0000000000E+00   0.0000000000E+00   0.0000000000E+00   0.0000000000E+00
    9      0.0000000000E+00   0.0000000000E+00   0.0000000000E+00   0.0000000000E+00   0.0000000000E+00
   10      0.0000000000E+00   0.0000000000E+00   0.0000000000E+00   0.0000000000E+00   0.0000000000E+00
   11      0.0000000000E+00   0.0000000000E+00   0.0000000000E+00   0.0000000000E+00   0.0000000000E+00
                    5                  6                  7                  8                  9        
    0      0.0000000000E+00  -1.5408699670E-05   5.4552059707E-05  -6.4078162954E-02  -4.5291950112E-05
    1      0.0000000000E+00   6.2593830447E-08   6.4072169706E-02   5.4549868275E-05   9.8346422003E-10
    2      0.0000000000E+00   1.1063548034E-01  -7.7448932222E-08  -3.0467823014E-05   4.7654170888E-02
    3      0.0000000000E+00  -2.5820582049E-01   1.3809877327E-04  -1.6196595903E-01   5.3313505736E-01
    4      0.0000000000E+00  -7.4746330079E-07  -7.5558641080E-01  -6.4329104137E-04  -7.1087206058E-08
    5      0.0000000000E+00  -5.1250435806E-01   2.2035516833E-04  -2.5826841767E-01  -2.2090983652E-01
    6      0.0000000000E+00   1.2920957234E-01  -3.9778925668E-01   5.2585442003E-01  -2.6625290154E-01
    7      0.0000000000E+00  -2.2345179352E-01  -6.7713019898E-02   3.9727086796E-01   4.6127420892E-01
    8      0.0000000000E+00  -5.1243371396E-01   2.2365856997E-01   1.2953640621E-01  -2.2064229001E-01
    9      0.0000000000E+00   1.2921036487E-01   3.9689311158E-01   5.2653101172E-01  -2.6625278643E-01
   10      0.0000000000E+00   2.2345167119E-01  -6.7036760837E-02  -3.9738559280E-01  -4.6127415150E-01
   11      0.0000000000E+00  -5.1243412349E-01  -2.2387784892E-01   1.2915538725E-01  -2.2064228976E-01
                   10                 11        
     0     -7.9484385133E-02   2.8699877163E-06
     1      2.8693886887E-06   7.9489933032E-02
     2     -2.2014374719E-05   5.7730053872E-09
     3      7.4776183117E-01  -2.6973864093E-05
     4      4.3003429120E-07   1.1659975258E-02
     5     -3.2043992905E-01   1.1555111243E-05
     6      1.7838187285E-01   3.2894274109E-01
     7     -3.2924810349E-01  -5.5810749762E-01
     8      1.6038293279E-01   2.7760513230E-01
     9      1.7835806439E-01  -3.2895564810E-01
    10      3.2920780091E-01  -5.5813133873E-01
    11      1.6036290434E-01  -2.7761676763E-01

#
# The atoms: label  mass x y z (in bohrs)
#
$atoms
4
 N     14.00700     -0.000002319545     0.000000002416     0.072487142001
 H      1.00800      0.937813473569    -0.000000029521    -0.335759692919
 H      1.00800     -0.468890636556     0.812171374990    -0.335754772072
 H      1.00800     -0.468890604997    -0.812171379040    -0.335754779064

$actual_temperature
  0.000000

$frequency_scale_factor
  1.000000

$dipole_derivatives
12
   -8.2051328696E-01   -1.3833130463E-08   -1.1000320056E-04
   -1.1337553794E-08   -8.2174167027E-01   -6.8926472409E-09
   -1.4975916668E-04    1.4284773294E-08   -1.1122022454E+00
    2.3224907445E-01   -3.7992843518E-10    2.3243503393E-01
    1.2789022910E-08    3.1584841590E-01   -7.5701420866E-09
    2.7951796091E-01    5.1367666056E-10    3.7030151410E-01
    2.9418180944E-01    3.6333908567E-02   -1.1617929244E-01
    3.5694445784E-02    2.5291332401E-01    2.0105105977E-01
   -1.3970819888E-01    2.4200813226E-01    3.7087763768E-01
    2.9418180553E-01   -3.6333894309E-02   -1.1617927586E-01
   -3.5694447337E-02    2.5291330827E-01   -2.0105104512E-01
   -1.3970820603E-01   -2.4200814696E-01    3.7087762435E-01

#
# The IR spectrum
#  wavenumber eps Int TX TY TZ
#
$ir_spectrum
12
      0.00   0.00000000   0.00000000     0.000000     0.000000     0.000000
      0.00   0.00000000   0.00000000     0.000000     0.000000     0.000000
      0.00   0.00000000   0.00000000     0.000000     0.000000     0.000000
      0.00   0.00000000   0.00000000     0.000000     0.000000     0.000000
      0.00   0.00000000   0.00000000     0.000000     0.000000     0.000000
      0.00   0.00000000   0.00000000     0.000000     0.000000     0.000000
  -8104.36   0.00000000   0.00000000     0.000000     0.000000     0.000000
  -7294.60   0.00000000   0.00000000     0.000000     0.000000     0.000000
  -7292.90   0.00000000   0.00000000     0.000000     0.000000     0.000000
  15172.05   0.00098535   4.97956783     0.000002    -0.000000     0.004502
  15880.11   0.00611874  30.92161986     0.010965    -0.000000     0.000018
  15880.72   0.00610079  30.83088317    -0.000000    -0.010949    -0.000000


$end

