*************************************************
******************* ORCA 6.0.1 ******************
*************************************************
$Calculation_Status
   &GeometryIndex 1
   &ListStatus       OUT
   &VERSION [&Type "String"] "6.0.1"
   &PROGNAME [&Type "String"] "LeanSCF"
   &STATUS [&Type "String"] "NORMAL TERMINATION"
$End
$Geometry
   &GeometryIndex 1
   &ListStatus       OUT
   &NATOMS [&Type "Integer"] 4
   &NCORELESSECP [&Type "Integer"] 0
   &NGHOSTATOMS [&Type "Integer"] 0
   &CartesianCoordinates [&Type "Coordinates", &Dim(4,4), &Units "Bohr"] 
              N     -0.000009797663    0.000000010205    0.156182666796
              H      0.937805995451   -0.000000021732   -0.252064168123
              H     -0.468898114673    0.812171382779   -0.252059247277
              H     -0.468898083115   -0.812171371251   -0.252059254269
$End
$SCF_Energy
   &GeometryIndex 1
   &ListStatus       OUT
   &SCF_ENERGY [&Type "Double"]      -5.4567635750465399e+01
$End
$DFT_Energy
   &GeometryIndex 1
   &ListStatus       OUT
   &NALPHAEL [&Type "Integer"] 5
   &NBETAEL [&Type "Integer"] 5
   &NTOTALEL [&Type "Integer"] 10
   &EEXCHANGE [&Type "Double"]      -6.8134649042934496e+00
   &ECORR [&Type "Double"]      -4.0812409598130611e-01
   &ECNL [&Type "Double"]       0.0000000000000000e+00
   &EXC [&Type "Double"]      -7.2215890002747560e+00
   &EEMBED [&Type "Double"]       0.0000000000000000e+00
   &FINALEN [&Type "Double"]      -5.4567635750465399e+01  "No Van der Waals correction"
$End
$Mulliken_Population_Analysis
   &GeometryIndex 1
   &ListStatus       OUT
   &NATOMS [&Type "Integer"] 4
   &ATNO [&Type "ArrayOfIntegers", &Dim (4,1)] 
                                                         0

0                                                        7
1                                                        1
2                                                        1
3                                                        1
   &ATOMICCHARGES [&Type "ArrayOfDoubles", &Dim (4,1)] 
                                                         0

0                                      9.5076258008970882e-01
1                                     -3.1679511598425592e-01
2                                     -3.1698373666209512e-01
3                                     -3.1698372744334802e-01
$End
$Loewdin_Population_Analysis
   &GeometryIndex 1
   &ListStatus       OUT
   &NATOMS [&Type "Integer"] 4
   &ATNO [&Type "ArrayOfIntegers", &Dim (4,1)] 
                                                         0

0                                                        7
1                                                        1
2                                                        1
3                                                        1
   &ATOMICCHARGES [&Type "ArrayOfDoubles", &Dim (4,1)] 
                                                         0

0                                      4.1434948251908743e-01
1                                     -1.3808210854367453e-01
2                                     -1.3813368657510572e-01
3                                     -1.3813368740029919e-01
$End
$Mayer_Population_Analysis
   &GeometryIndex 1
   &ListStatus       OUT
   &NATOMS [&Type "Integer"] 4 "Total number of atoms"
   &BONDTHRESH [&Type "Double"]       1.0000000000000001e-01  "The threshold for printing"
   &NBONDORDERSPRINT [&Type "Integer"] 6 "The number of bond orders larger than threshold"
   &BONDORDERS [&Type "ArrayOfDoubles", &Dim (6,1)] "The bond orders"
                                                         0

0                                      3.1586753157549585e-01
1                                      3.1569304973439177e-01
2                                      3.1569302547641542e-01
3                                      2.5238644530140070e-01
4                                      2.5238644797774912e-01
5                                      2.5252393984777871e-01
   &COMPONENTS [&Type "ArrayOfIntegers", &Dim (6,4)] "The indices and atomic numbers of the bonding atoms"
                                                         0                           1                           2                           3

0                                                        0                           7                           1                           1
1                                                        0                           7                           2                           1
2                                                        0                           7                           3                           1
3                                                        1                           1                           2                           1
4                                                        1                           1                           3                           1
5                                                        2                           1                           3                           1
   &ATNO [&Type "ArrayOfIntegers", &Dim (4,1)] "Atomic number of the elements"
                                                         0

0                                                        7
1                                                        1
2                                                        1
3                                                        1
   &NA [&Type "ArrayOfDoubles", &Dim (4,1)] "Mulliken gross atomic population"
                                                         0

0                                      6.0492374199102921e+00
1                                      1.3167951159842555e+00
2                                      1.3169837366620945e+00
3                                      1.3169837274433482e+00
   &ZA [&Type "ArrayOfDoubles", &Dim (4,1)] "Total nuclear charge"
                                                         0

0                                      7.0000000000000000e+00
1                                      1.0000000000000000e+00
2                                      1.0000000000000000e+00
3                                      1.0000000000000000e+00
   &QA [&Type "ArrayOfDoubles", &Dim (4,1)] "Mulliken gross atomic charge"
                                                         0

0                                      9.5076258008970793e-01
1                                     -3.1679511598425547e-01
2                                     -3.1698373666209445e-01
3                                     -3.1698372744334824e-01
   &VA [&Type "ArrayOfDoubles", &Dim (4,1)] "Mayer's total valence"
                                                         0

0                                      9.4725360678629600e-01
1                                      8.2064042485465383e-01
2                                      8.2060343488357490e-01
3                                      8.2060341330195230e-01
   &BVA [&Type "ArrayOfDoubles", &Dim (4,1)] "Mayer's bonded valence"
                                                         0

0                                      9.4725360678630310e-01
1                                      8.2064042485464572e-01
2                                      8.2060343488357113e-01
3                                      8.2060341330194331e-01
   &FA [&Type "ArrayOfDoubles", &Dim (4,1)] "Mayer's free valence"
                                                         0

0                                      0.0000000000000000e+00
1                                      0.0000000000000000e+00
2                                      0.0000000000000000e+00
3                                      0.0000000000000000e+00
$End
$Calculation_Info
   &GeometryIndex 1
   &ListStatus       OUT
   &MULT [&Type "Integer"] 1
   &CHARGE [&Type "Integer"] 0
   &NUMOFATOMS [&Type "Integer"] 4
   &NUMOFELECTRONS [&Type "Integer"] 10
   &NUMOFFCELECTRONS [&Type "Integer"] 1
   &NUMOFCORRELECTRONS [&Type "Integer"] 0
   &NUMOFBASISFUNCTS [&Type "Integer"] 29
   &NUMOFAUXCBASISFUNCTS [&Type "Integer"] 0
   &NUMOFAUXJBASISFUNCTS [&Type "Integer"] 82
   &NUMOFAUXJKBASISFUNCTS [&Type "Integer"] 0
   &NUMOFCABSBASISFUNCTS [&Type "Integer"] 0
   &TOTALENERGY [&Type "Double"]      -5.4567635750465399e+01  "Hartrees"
$End
$SCF_Dipole_Moment
   &GeometryIndex 1
   &ListStatus       OUT
   &METHOD [&Type "String"] "SCF"
   &LEVEL [&Type "String"] "Relaxed density"
   &MULT [&Type "Integer"] 1
   &STATE [&Type "Integer"] -1
   &IRREP [&Type "Integer"] 0
   &NATOMS [&Type "Integer"] 4
   &DODIPOLEATOM [&Type "Boolean"] false
   &DIPOLEELECCONTRIB [&Type "ArrayOfDoubles", &Dim (3,1)] "Electronic contribution"
                                                         0

0                                      4.3819446168691899e-05
1                                      7.8259710465516941e-09
2                                     -2.2887439962556089e-01
   &DIPOLENUCCONTRIB [&Type "ArrayOfDoubles", &Dim (3,1)] "Nuclear contribution"
                                                         0

0                                      1.5995198380858167e-05
1                                     -1.6659373103244945e-08
2                                     -4.9985925004778953e-01
   &DIPOLETOTAL [&Type "ArrayOfDoubles", &Dim (3,1)] "Total"
                                                         0

0                                      5.9814644549550065e-05
1                                     -8.8334020566932514e-09
2                                     -7.2873364967335041e-01
   &DIPOLEMAGNITUDE [&Type "Double", &Units "a.u."]       7.2873365212815111e-01
$End
$THERMOCHEMISTRY_Energies
   &GeometryIndex 1
   &ListStatus       OUT
   &TEMPERATURE [&Type "Double"]       2.9814999999999998e+02
   &PRESSURE [&Type "Double"]       1.0000000000000000e+00
   &TOTALMASS [&Type "Double"]       1.7030999999999999e+01
   &SPINDEGENERACY [&Type "Integer"] 1
   &ELENERGY [&Type "Double"]      -5.4567635750465399e+01
   &TRANSENERGY [&Type "Double"]       1.4162714244859817e-03
   &ROTENERGY [&Type "Double"]       1.4162714244859817e-03
   &VIBENERGY [&Type "Double"]       1.1809110340706027e-33
   &NUMOFFREQS [&Type "Integer"] 12
   &FREQSCALINGFACTOR [&Type "Double"]       1.0000000000000000e+00
   &FREQ [&Type "ArrayOfDoubles", &Dim (12,1)] "In cm^-1"
                                                         0

0                                      0.0000000000000000e+00
1                                      0.0000000000000000e+00
2                                      0.0000000000000000e+00
3                                      0.0000000000000000e+00
4                                      0.0000000000000000e+00
5                                      0.0000000000000000e+00
6                                     -8.1043645139971659e+03
7                                     -7.2946000231221542e+03
8                                     -7.2928993668019257e+03
9                                      1.5172046416994388e+04
10                                     1.5880113130330645e+04
11                                     1.5880724602613205e+04
   &ZPE [&Type "Double"]       1.0692097743122089e-01
   &INNERENERGYU [&Type "Double"]      -5.4457882230185199e+01
   &ENTHALPYH [&Type "Double"]      -5.4456938021142939e+01
   &QEL [&Type "Double"]       0.0000000000000000e+00
   &QROT [&Type "Double"]       3.6571808818496492e-03
   &QVIB [&Type "Double"]      -5.1759305210772697e-12
   &QTRANS [&Type "Double"]       1.6364250539629886e-02
   &ENTROPYS [&Type "Double"]       2.0021431416303605e-02
   &FREEENERGYG [&Type "Double"]      -5.4476959452559242e+01
   &ISLINEAR [&Type "Boolean"] false
$End
$Hessian
   &GeometryIndex 1
   &ListStatus       OUT
   &HESSIAN [&Type "ArrayOfDoubles", &Dim (12,12)] "The Hessian"
                                                         0                           1                           2                           3                           4                           5                           6                           7

0                                      7.5162696756529481e+00        -3.7638009042773035e-07        -6.0909761166672016e-04        -7.0249408627282071e+00         3.2637289817668377e-07         4.1821788479862541e+00        -2.4566449011506325e-01         3.9138376650610791e+00
1                                     -3.7638009042773035e-07         7.5189307742894336e+00         3.7602635760691783e-07         3.3204125683632825e-07         2.0139215831683077e+00        -1.3917955409105769e-07         3.9141925470111700e+00        -4.7664261119218594e+00
2                                     -6.0909761166672016e-04         3.7602635760691783e-07        -1.3735760668653669e+00         3.8687345298363978e+00        -1.3338653477718662e-07         4.5770390138279116e-01        -1.9340628872059733e+00         3.3506039385954343e+00
3                                     -7.0249408627282071e+00         3.3204125683632825e-07         3.8687345298363978e+00         7.0029748131695104e+00        -3.1886964221850000e-07        -3.9952430760242308e+00         1.0983032189884723e-02        -9.2653523276978692e-02
4                                      3.2637289817668377e-07         2.0139215831683077e+00        -1.3338653477718662e-07        -3.1886964221850000e-07        -2.1052028402363021e+00         1.4801320524088224e-07         1.5252187605706585e-01         4.5640633139227116e-02
5                                      4.1821788479862541e+00        -1.3917955409105769e-07         4.5770390138279116e-01        -3.9952430760242308e+00         1.4801320524088224e-07        -5.4885085847901094e-01        -9.3441798219628350e-02         1.9028171960552911e-02
6                                     -2.4566449011506325e-01         3.9141925470111700e+00        -1.9340628872059733e+00         1.0983032189884723e-02         1.5252187605706585e-01        -9.3441798219628350e-02         1.7168760949713180e-01        -3.9439500419397095e+00
7                                      3.9138376650610791e+00        -4.7664261119218594e+00         3.3506039385954343e+00        -9.2653523276978692e-02         4.5640633139227116e-02         1.9028171960552911e-02        -3.9439500419397095e+00         4.7275701957077816e+00
8                                     -2.0907846361616902e+00         3.6217293484526154e+00         4.5793615931004850e-01         6.3228175714720419e-02        -7.1289912744550488e-02         4.5573478340317927e-02         1.9974179732363875e+00        -3.4600349799270780e+00
9                                     -2.4566432280967831e-01        -3.9141923221131654e+00        -1.9340629410680643e+00         1.0983017368811632e-02        -1.5252191812121751e-01        -9.3441800298175268e-02         6.2993848428046714e-02         1.2290750396599295e-01
10                                    -3.9138377956130577e+00        -4.7664262455358823e+00        -3.3506043097576521e+00         9.2653544666259774e-02         4.5640623928767290e-02        -1.9028192228187843e-02        -1.2290598493891022e-01        -6.7847169251487593e-03
11                                    -2.0907847181635906e+00        -3.6217294567770240e+00         4.5793600617252739e-01         6.3228197028893138e-02         7.1289909551863803e-02         4.5573478755901883e-02         3.0112392347522287e-02         9.0464160476786126e-02
                                                         8                           9                          10                          11

0                                     -2.0907846361616902e+00        -2.4566432280967831e-01        -3.9138377956130577e+00        -2.0907847181635906e+00
1                                      3.6217293484526154e+00        -3.9141923221131654e+00        -4.7664262455358823e+00        -3.6217294567770240e+00
2                                      4.5793615931004850e-01        -1.9340629410680643e+00        -3.3506043097576521e+00         4.5793600617252739e-01
3                                      6.3228175714720419e-02         1.0983017368811632e-02         9.2653544666259774e-02         6.3228197028893138e-02
4                                     -7.1289912744550488e-02        -1.5252191812121751e-01         4.5640623928767290e-02         7.1289909551863803e-02
5                                      4.5573478340317927e-02        -9.3441800298175268e-02        -1.9028192228187843e-02         4.5573478755901883e-02
6                                      1.9974179732363875e+00         6.2993848428046714e-02        -1.2290598493891022e-01         3.0112392347522287e-02
7                                     -3.4600349799270780e+00         1.2290750396599295e-01        -6.7847169251487593e-03         9.0464160476786126e-02
8                                     -5.4904169012316173e-01         3.0112807052273528e-02        -9.0465746886682186e-02         4.5532052472795362e-02
9                                      3.0112807052273528e-02         1.7168745701281996e-01         3.9439484860770486e+00         1.9974180315505703e+00
10                                    -9.0465746886682186e-02         3.9439484860770486e+00         4.7275703385322645e+00         3.4600368178104484e+00
11                                     4.5532052472795362e-02         1.9974180315505703e+00         3.4600368178104484e+00        -5.4904153740122463e-01
   &MODES [&Type "ArrayOfDoubles", &Dim (12,12)] "The modes of vibrations"
                                                         0                           1                           2                           3                           4                           5                           6                           7

0                                      0.0000000000000000e+00         0.0000000000000000e+00         0.0000000000000000e+00         0.0000000000000000e+00         0.0000000000000000e+00         0.0000000000000000e+00        -1.4262971185578831e-05         5.2951584174318255e-05
1                                      0.0000000000000000e+00         0.0000000000000000e+00         0.0000000000000000e+00         0.0000000000000000e+00         0.0000000000000000e+00         0.0000000000000000e+00         5.7939606791919929e-08         6.2192388438230453e-02
2                                      0.0000000000000000e+00         0.0000000000000000e+00         0.0000000000000000e+00         0.0000000000000000e+00         0.0000000000000000e+00         0.0000000000000000e+00         1.0240907421972659e-01        -7.5176696824404404e-08
3                                      0.0000000000000000e+00         0.0000000000000000e+00         0.0000000000000000e+00         0.0000000000000000e+00         0.0000000000000000e+00         0.0000000000000000e+00        -2.3900668171268932e-01         1.3404716259019195e-04
4                                      0.0000000000000000e+00         0.0000000000000000e+00         0.0000000000000000e+00         0.0000000000000000e+00         0.0000000000000000e+00         0.0000000000000000e+00        -6.9188495782586894e-07        -7.3341863987077760e-01
5                                      0.0000000000000000e+00         0.0000000000000000e+00         0.0000000000000000e+00         0.0000000000000000e+00         0.0000000000000000e+00         0.0000000000000000e+00        -4.7439661022202112e-01         2.1389027850787133e-04
6                                      0.0000000000000000e+00         0.0000000000000000e+00         0.0000000000000000e+00         0.0000000000000000e+00         0.0000000000000000e+00         0.0000000000000000e+00         1.1960207199104812e-01        -3.8611871709253570e-01
7                                      0.0000000000000000e+00         0.0000000000000000e+00         0.0000000000000000e+00         0.0000000000000000e+00         0.0000000000000000e+00         0.0000000000000000e+00        -2.0683682338963352e-01        -6.5726421551899269e-02
8                                      0.0000000000000000e+00         0.0000000000000000e+00         0.0000000000000000e+00         0.0000000000000000e+00         0.0000000000000000e+00         0.0000000000000000e+00        -4.7433121893858227e-01         2.1709676330941383e-01
9                                      0.0000000000000000e+00         0.0000000000000000e+00         0.0000000000000000e+00         0.0000000000000000e+00         0.0000000000000000e+00         0.0000000000000000e+00         1.1960280559207416e-01         3.8524886354152305e-01
10                                     0.0000000000000000e+00         0.0000000000000000e+00         0.0000000000000000e+00         0.0000000000000000e+00         0.0000000000000000e+00         0.0000000000000000e+00         2.0683671015547189e-01        -6.5070002916900696e-02
11                                     0.0000000000000000e+00         0.0000000000000000e+00         0.0000000000000000e+00         0.0000000000000000e+00         0.0000000000000000e+00         0.0000000000000000e+00        -4.7433159801768104e-01        -2.1730960894507206e-01
                                                         8                           9                          10                          11

0                                     -6.2197912969103437e-02        -4.4465465287160677e-05        -7.6127880006729931e-02         2.7487780381372812e-06
1                                      5.2949207702089540e-05         9.6551802316128894e-10         2.7482187529214542e-06         7.6132793505231500e-02
2                                     -2.9573803567978982e-05         4.6784580398118940e-02        -2.1084741037391911e-05         5.5291910596246707e-09
3                                     -1.5721338064434051e-01         5.2340644038963413e-01         7.1618498226684968e-01        -2.5834662914871756e-05
4                                     -6.2441490767463229e-04        -6.9790010929361269e-08         4.1187459479676888e-07         1.1167533481780246e-02
5                                     -2.5069002955901404e-01        -2.1687868690329951e-01        -3.0690823646565840e-01         1.1067098243394947e-05
6                                      5.1042423726670549e-01        -2.6139433435052439e-01         1.7084907669988417e-01         3.1505033187779341e-01
7                                      3.8561372129887755e-01         4.5285690446116761e-01        -3.1534445505124681e-01        -5.3453665450966736e-01
8                                      1.2573541045181608e-01        -2.1661602256643867e-01         1.5361020459468208e-01         2.6588089091872147e-01
9                                      5.1108097567746835e-01        -2.6139422134439022e-01         1.7082627362678438e-01        -3.1506269377636675e-01
10                                    -3.8572507975656317e-01        -4.5285684808783405e-01         3.1530585438689768e-01        -5.3455948872189252e-01
11                                     1.2536557175261137e-01        -2.1661602231245647e-01         1.5359102191830831e-01        -2.6589203484968221e-01
$End
