*************************************************
******************* ORCA 6.0.1 ******************
*************************************************
$Calculation_Status
   &GeometryIndex 1
   &ListStatus       OUT
   &VERSION [&Type "String"] "6.0.1"
   &PROGNAME [&Type "String"] "LeanSCF"
   &STATUS [&Type "String"] "NORMAL TERMINATION"
$End
$Geometry
   &GeometryIndex 1
   &ListStatus       OUT
   &NATOMS [&Type "Integer"] 3
   &NCORELESSECP [&Type "Integer"] 0
   &NGHOSTATOMS [&Type "Integer"] 0
   &CartesianCoordinates [&Type "Coordinates", &Dim(3,4), &Units "Bohr"] 
              O      0.000000001512   -0.014263648701    0.000000000000
              H      0.757145343782    0.587131826781    0.000000000000
              H     -0.757145345483    0.587131827726    0.000000000000
$End
$SCF_Energy
   &GeometryIndex 1
   &ListStatus       OUT
   &SCF_ENERGY [&Type "Double"]      -7.4875185919876955e+01
$End
$DFT_Energy
   &GeometryIndex 1
   &ListStatus       OUT
   &NALPHAEL [&Type "Integer"] 5
   &NBETAEL [&Type "Integer"] 5
   &NTOTALEL [&Type "Integer"] 10
   &EEXCHANGE [&Type "Double"]      -7.6584833737681333e+00
   &ECORR [&Type "Double"]      -4.2278612723651315e-01
   &ECNL [&Type "Double"]       0.0000000000000000e+00
   &EXC [&Type "Double"]      -8.0812695010046465e+00
   &EEMBED [&Type "Double"]       0.0000000000000000e+00
   &FINALEN [&Type "Double"]      -7.4875185919876955e+01  "No Van der Waals correction"
$End
$Mulliken_Population_Analysis
   &GeometryIndex 1
   &ListStatus       OUT
   &NATOMS [&Type "Integer"] 3
   &ATNO [&Type "ArrayOfIntegers", &Dim (3,1)] 
                                                         0

0                                                        8
1                                                        1
2                                                        1
   &ATOMICCHARGES [&Type "ArrayOfDoubles", &Dim (3,1)] 
                                                         0

0                                      4.0974370675233818e-01
1                                     -2.0487185703296440e-01
2                                     -2.0487184971934624e-01
$End
$Loewdin_Population_Analysis
   &GeometryIndex 1
   &ListStatus       OUT
   &NATOMS [&Type "Integer"] 3
   &ATNO [&Type "ArrayOfIntegers", &Dim (3,1)] 
                                                         0

0                                                        8
1                                                        1
2                                                        1
   &ATOMICCHARGES [&Type "ArrayOfDoubles", &Dim (3,1)] 
                                                         0

0                                      5.5726957522387632e-01
1                                     -2.7863479022426763e-01
2                                     -2.7863478499957872e-01
$End
$Mayer_Population_Analysis
   &GeometryIndex 1
   &ListStatus       OUT
   &NATOMS [&Type "Integer"] 3 "Total number of atoms"
   &BONDTHRESH [&Type "Double"]       1.0000000000000001e-01  "The threshold for printing"
   &NBONDORDERSPRINT [&Type "Integer"] 3 "The number of bond orders larger than threshold"
   &BONDORDERS [&Type "ArrayOfDoubles", &Dim (3,1)] "The bond orders"
                                                         0

0                                      9.4383795786148839e-01
1                                      9.4383795780246116e-01
2                                      1.4885376954326973e-01
   &COMPONENTS [&Type "ArrayOfIntegers", &Dim (3,4)] "The indices and atomic numbers of the bonding atoms"
                                                         0                           1                           2                           3

0                                                        0                           8                           1                           1
1                                                        0                           8                           2                           1
2                                                        1                           1                           2                           1
   &ATNO [&Type "ArrayOfIntegers", &Dim (3,1)] "Atomic number of the elements"
                                                         0

0                                                        8
1                                                        1
2                                                        1
   &NA [&Type "ArrayOfDoubles", &Dim (3,1)] "Mulliken gross atomic population"
                                                         0

0                                      7.5902562932476609e+00
1                                      1.2048718570329642e+00
2                                      1.2048718497193465e+00
   &ZA [&Type "ArrayOfDoubles", &Dim (3,1)] "Total nuclear charge"
                                                         0

0                                      8.0000000000000000e+00
1                                      1.0000000000000000e+00
2                                      1.0000000000000000e+00
   &QA [&Type "ArrayOfDoubles", &Dim (3,1)] "Mulliken gross atomic charge"
                                                         0

0                                      4.0974370675233907e-01
1                                     -2.0487185703296418e-01
2                                     -2.0487184971934647e-01
   &VA [&Type "ArrayOfDoubles", &Dim (3,1)] "Mayer's total valence"
                                                         0

0                                      1.8876759156639893e+00
1                                      1.0926917274047592e+00
2                                      1.0926917273457384e+00
   &BVA [&Type "ArrayOfDoubles", &Dim (3,1)] "Mayer's bonded valence"
                                                         0

0                                      1.8876759156639495e+00
1                                      1.0926917274047581e+00
2                                      1.0926917273457308e+00
   &FA [&Type "ArrayOfDoubles", &Dim (3,1)] "Mayer's free valence"
                                                         0

0                                      0.0000000000000000e+00
1                                      0.0000000000000000e+00
2                                      0.0000000000000000e+00
$End
$Calculation_Info
   &GeometryIndex 1
   &ListStatus       OUT
   &MULT [&Type "Integer"] 1
   &CHARGE [&Type "Integer"] 0
   &NUMOFATOMS [&Type "Integer"] 3
   &NUMOFELECTRONS [&Type "Integer"] 10
   &NUMOFFCELECTRONS [&Type "Integer"] 1
   &NUMOFCORRELECTRONS [&Type "Integer"] 0
   &NUMOFBASISFUNCTS [&Type "Integer"] 24
   &NUMOFAUXCBASISFUNCTS [&Type "Integer"] 0
   &NUMOFAUXJBASISFUNCTS [&Type "Integer"] 71
   &NUMOFAUXJKBASISFUNCTS [&Type "Integer"] 0
   &NUMOFCABSBASISFUNCTS [&Type "Integer"] 0
   &TOTALENERGY [&Type "Double"]      -7.4875185919876955e+01  "Hartrees"
$End
$SCF_Dipole_Moment
   &GeometryIndex 1
   &ListStatus       OUT
   &METHOD [&Type "String"] "SCF"
   &LEVEL [&Type "String"] "Relaxed density"
   &MULT [&Type "Integer"] 1
   &STATE [&Type "Integer"] -1
   &IRREP [&Type "Integer"] 0
   &NATOMS [&Type "Integer"] 3
   &DODIPOLEATOM [&Type "Boolean"] false
   &DIPOLEELECCONTRIB [&Type "ArrayOfDoubles", &Dim (3,1)] "Electronic contribution"
                                                         0

0                                     -9.7540582381927532e-11
1                                      1.3984112915292934e-01
2                                      9.8696329967781262e-10
   &DIPOLENUCCONTRIB [&Type "ArrayOfDoubles", &Dim (3,1)] "Nuclear contribution"
                                                         0

0                                     -2.0809063361326707e-09
1                                      5.2978885392185782e-01
2                                      0.0000000000000000e+00
   &DIPOLETOTAL [&Type "ArrayOfDoubles", &Dim (3,1)] "Total"
                                                         0

0                                     -2.1784469185145983e-09
1                                      6.6962998307478716e-01
2                                      9.8696329967781262e-10
   &DIPOLEMAGNITUDE [&Type "Double", &Units "a.u."]       6.6962998307478716e-01
$End
$THERMOCHEMISTRY_Energies
   &GeometryIndex 1
   &ListStatus       OUT
   &TEMPERATURE [&Type "Double"]       2.9814999999999998e+02
   &PRESSURE [&Type "Double"]       1.0000000000000000e+00
   &TOTALMASS [&Type "Double"]       1.8015000000000001e+01
   &SPINDEGENERACY [&Type "Integer"] 1
   &ELENERGY [&Type "Double"]      -7.4875185919876955e+01
   &TRANSENERGY [&Type "Double"]       1.4162714244859817e-03
   &ROTENERGY [&Type "Double"]       1.4162714244859817e-03
   &VIBENERGY [&Type "Double"]       2.5791036878268614e-39
   &NUMOFFREQS [&Type "Integer"] 9
   &FREQSCALINGFACTOR [&Type "Double"]       1.0000000000000000e+00
   &FREQ [&Type "ArrayOfDoubles", &Dim (9,1)] "In cm^-1"
                                                         0

0                                      0.0000000000000000e+00
1                                      0.0000000000000000e+00
2                                      0.0000000000000000e+00
3                                      0.0000000000000000e+00
4                                      0.0000000000000000e+00
5                                      0.0000000000000000e+00
6                                     -8.6622617613477505e+03
7                                      1.7920254597741405e+04
8                                      1.8339113770629923e+04
   &ZPE [&Type "Double"]       8.2604919284297973e-02
   &INNERENERGYU [&Type "Double"]      -7.4789748457743684e+01
   &ENTHALPYH [&Type "Double"]      -7.4788804248701425e+01
   &QEL [&Type "Double"]       0.0000000000000000e+00
   &QROT [&Type "Double"]       3.1944481302707928e-03
   &QVIB [&Type "Double"]      -2.0379273637689678e-12
   &QTRANS [&Type "Double"]       1.6443801841798250e-02
   &ENTROPYS [&Type "Double"]       1.9638249970031114e-02
   &FREEENERGYG [&Type "Double"]      -7.4808442498671454e+01
   &ISLINEAR [&Type "Boolean"] false
$End
$Hessian
   &GeometryIndex 1
   &ListStatus       OUT
   &HESSIAN [&Type "ArrayOfDoubles", &Dim (9,9)] "The Hessian"
                                                         0                           1                           2                           3                           4                           5                           6                           7

0                                      1.2299537234903529e+01         1.7524586626294081e-07         8.8186912835890347e-09        -6.1497686592610137e+00        -7.3240001041638072e+00        -2.4437786514527016e-09        -6.1497685756425158e+00         7.3239999525253205e+00
1                                      1.7524586626294081e-07         5.5290960602014430e+00        -1.6610451664081033e-08        -6.9636547421997195e+00        -2.7645480915006102e+00         4.0802241121664300e-09         6.9636545433464736e+00        -2.7645479687008327e+00
2                                      8.8186912835890347e-09        -1.6610451664081033e-08        -6.1407592853530755e+00         8.9866850143040557e-09         8.1958549340399838e-09         3.0703796748652668e+00        -2.2232429282552454e-08         1.7817176601576302e-08
3                                     -6.1497686592610137e+00        -6.9636547421997195e+00         8.9866850143040557e-09         6.2125153209071522e+00         7.1438274112658302e+00        -1.2866784724395725e-08        -6.2746661646138291e-02        -1.8036065224508774e-01
4                                     -7.3240001041638072e+00        -2.7645480915006102e+00         8.1958549340399838e-09         7.1438274112658302e+00         2.6840616990880766e+00        -2.0544792072930611e-09         1.8036067607695394e-01         8.0486392412533636e-02
5                                     -2.4437786514527016e-09         4.0802241121664300e-09         3.0703796748652668e+00        -1.2866784724395725e-08        -2.0544792072930611e-09        -3.1418690892681802e+00         1.4412897712512794e-08        -3.6441131412134988e-09
6                                     -6.1497685756425158e+00         6.9636545433464736e+00        -2.2232429282552454e-08        -6.2746661646138291e-02         1.8036067607695394e-01         1.4412897712512794e-08         6.2125152372886543e+00        -7.1438272598518306e+00
7                                      7.3239999525253205e+00        -2.7645479687008327e+00         1.7817176601576302e-08        -1.8036065224508774e-01         8.0486392412533636e-02        -3.6441131412134988e-09        -7.1438272598518306e+00         2.6840615762882991e+00
8                                     -1.9478596474769703e-09         3.1276476803793496e-09         3.0703796104878083e+00         4.7777653734273004e-09        -4.5230074904067928e-09         7.1489414402913634e-02         2.4948129220446649e-09        -6.3888518251676799e-09
                                                         8

0                                     -1.9478596474769703e-09
1                                      3.1276476803793496e-09
2                                      3.0703796104878083e+00
3                                      4.7777653734273004e-09
4                                     -4.5230074904067928e-09
5                                      7.1489414402913634e-02
6                                      2.4948129220446649e-09
7                                     -6.3888518251676799e-09
8                                     -3.1418690248907217e+00
   &MODES [&Type "ArrayOfDoubles", &Dim (9,9)] "The modes of vibrations"
                                                         0                           1                           2                           3                           4                           5                           6                           7

0                                      0.0000000000000000e+00         0.0000000000000000e+00         0.0000000000000000e+00         0.0000000000000000e+00         0.0000000000000000e+00         0.0000000000000000e+00        -3.0227937412820346e-10         1.5272763562449277e-08
1                                      0.0000000000000000e+00         0.0000000000000000e+00         0.0000000000000000e+00         0.0000000000000000e+00         0.0000000000000000e+00         0.0000000000000000e+00         6.5031596755659421e-02        -5.2588022497354885e-02
2                                      0.0000000000000000e+00         0.0000000000000000e+00         0.0000000000000000e+00         0.0000000000000000e+00         0.0000000000000000e+00         0.0000000000000000e+00         0.0000000000000000e+00         0.0000000000000000e+00
3                                      0.0000000000000000e+00         0.0000000000000000e+00         0.0000000000000000e+00         0.0000000000000000e+00         0.0000000000000000e+00         0.0000000000000000e+00         4.4285328145703873e-01         5.4764275445336308e-01
4                                      0.0000000000000000e+00         0.0000000000000000e+00         0.0000000000000000e+00         0.0000000000000000e+00         0.0000000000000000e+00         0.0000000000000000e+00        -5.1609152601960218e-01         4.1733907727502179e-01
5                                      0.0000000000000000e+00         0.0000000000000000e+00         0.0000000000000000e+00         0.0000000000000000e+00         0.0000000000000000e+00         0.0000000000000000e+00         0.0000000000000000e+00         0.0000000000000000e+00
6                                      0.0000000000000000e+00         0.0000000000000000e+00         0.0000000000000000e+00         0.0000000000000000e+00         0.0000000000000000e+00         0.0000000000000000e+00        -4.4285327665925328e-01        -5.4764299686302986e-01
7                                      0.0000000000000000e+00         0.0000000000000000e+00         0.0000000000000000e+00         0.0000000000000000e+00         0.0000000000000000e+00         0.0000000000000000e+00        -5.1609152605757591e-01         4.1733926789876896e-01
8                                      0.0000000000000000e+00         0.0000000000000000e+00         0.0000000000000000e+00         0.0000000000000000e+00         0.0000000000000000e+00         0.0000000000000000e+00         0.0000000000000000e+00         0.0000000000000000e+00
                                                         8

0                                     -6.6954181007206237e-02
1                                     -1.2141982929287536e-08
2                                      0.0000000000000000e+00
3                                      5.3134930073230735e-01
4                                      4.2204718915851880e-01
5                                      0.0000000000000000e+00
6                                      5.3134905436123725e-01
7                                     -4.2204699644067689e-01
8                                      0.0000000000000000e+00
$End
