
$orca_hessian_file

$act_atom
  0

$act_coord
  0

$act_energy
        0.000000

$multiplicity
  1

$hessian
9
                    0                  1                  2                  3                  4        
    0      1.2299537235E+01   1.7524586626E-07   8.8186912836E-09  -6.1497686593E+00  -7.3240001042E+00
    1      1.7524586626E-07   5.5290960602E+00  -1.6610451664E-08  -6.9636547422E+00  -2.7645480915E+00
    2      8.8186912836E-09  -1.6610451664E-08  -6.1407592854E+00   8.9866850143E-09   8.1958549340E-09
    3     -6.1497686593E+00  -6.9636547422E+00   8.9866850143E-09   6.2125153209E+00   7.1438274113E+00
    4     -7.3240001042E+00  -2.7645480915E+00   8.1958549340E-09   7.1438274113E+00   2.6840616991E+00
    5     -2.4437786515E-09   4.0802241122E-09   3.0703796749E+00  -1.2866784724E-08  -2.0544792073E-09
    6     -6.1497685756E+00   6.9636545433E+00  -2.2232429283E-08  -6.2746661646E-02   1.8036067608E-01
    7      7.3239999525E+00  -2.7645479687E+00   1.7817176602E-08  -1.8036065225E-01   8.0486392413E-02
    8     -1.9478596475E-09   3.1276476804E-09   3.0703796105E+00   4.7777653734E-09  -4.5230074904E-09
                    5                  6                  7                  8        
     0     -2.4437786515E-09  -6.1497685756E+00   7.3239999525E+00  -1.9478596475E-09
     1      4.0802241122E-09   6.9636545433E+00  -2.7645479687E+00   3.1276476804E-09
     2      3.0703796749E+00  -2.2232429283E-08   1.7817176602E-08   3.0703796105E+00
     3     -1.2866784724E-08  -6.2746661646E-02  -1.8036065225E-01   4.7777653734E-09
     4     -2.0544792073E-09   1.8036067608E-01   8.0486392413E-02  -4.5230074904E-09
     5     -3.1418690893E+00   1.4412897713E-08  -3.6441131412E-09   7.1489414403E-02
     6      1.4412897713E-08   6.2125152373E+00  -7.1438272599E+00   2.4948129220E-09
     7     -3.6441131412E-09  -7.1438272599E+00   2.6840615763E+00  -6.3888518252E-09
     8      7.1489414403E-02   2.4948129220E-09  -6.3888518252E-09  -3.1418690249E+00

$vibrational_frequencies
9
    0        0.0000000000000000
    1        0.0000000000000000
    2        0.0000000000000000
    3        0.0000000000000000
    4        0.0000000000000000
    5        0.0000000000000000
    6    -8662.2617613477505074
    7    17920.2545977414047229
    8    18339.1137706299232377

$normal_modes
9 9
                    0                  1                  2                  3                  4        
    0      0.0000000000E+00   0.0000000000E+00   0.0000000000E+00   0.0000000000E+00   0.0000000000E+00
    1      0.0000000000E+00   0.0000000000E+00   0.0000000000E+00   0.0000000000E+00   0.0000000000E+00
    2      0.0000000000E+00   0.0000000000E+00   0.0000000000E+00   0.0000000000E+00   0.0000000000E+00
    3      0.0000000000E+00   0.0000000000E+00   0.0000000000E+00   0.0000000000E+00   0.0000000000E+00
    4      0.0000000000E+00   0.0000000000E+00   0.0000000000E+00   0.0000000000E+00   0.0000000000E+00
    5      0.0000000000E+00   0.0000000000E+00   0.0000000000E+00   0.0000000000E+00   0.0000000000E+00
    6      0.0000000000E+00   0.0000000000E+00   0.0000000000E+00   0.0000000000E+00   0.0000000000E+00
    7      0.0000000000E+00   0.0000000000E+00   0.0000000000E+00   0.0000000000E+00   0.0000000000E+00
    8      0.0000000000E+00   0.0000000000E+00   0.0000000000E+00   0.0000000000E+00   0.0000000000E+00
                    5                  6                  7                  8        
     0      0.0000000000E+00  -3.1358939797E-10   1.5661820176E-08  -6.9600811340E-02
     1      0.0000000000E+00   6.7464805809E-02  -5.3927643704E-02  -1.2621943103E-08
     2      0.0000000000E+00   9.2508033631E-18  -5.7066147604E-17  -1.2567494228E-17
     3      0.0000000000E+00   4.5942299015E-01   5.6159334268E-01   5.5235299543E-01
     4      0.0000000000E+00  -5.3540150203E-01   4.2797032469E-01   4.3873028312E-01
     5      0.0000000000E+00  -8.0708258335E-18  -5.0424304031E-17   1.7597222569E-18
     6      0.0000000000E+00  -4.5942298517E-01  -5.6159359127E-01   5.5235273932E-01
     7      0.0000000000E+00  -5.3540150207E-01   4.2797052017E-01  -4.3873008278E-01
     8      0.0000000000E+00  -3.8291566845E-17  -2.3728939260E-17   3.3142657761E-18

#
# The atoms: label  mass x y z (in bohrs)
#
$atoms
3
 O     15.99900      0.000000000264    -0.067300209799     0.000000000000
 H      1.00800      0.757145342535     0.534095265684     0.000000000000
 H      1.00800     -0.757145346730     0.534095266628     0.000000000000

$actual_temperature
  0.000000

$frequency_scale_factor
  1.000000

$dipole_derivatives
9
   -6.4764399217E-01    2.4496556358E-09    1.4811206182E-09
    2.4375255174E-09   -4.2393494776E-01    1.3707370584E-10
   -4.3582331662E-10   -6.2027352365E-09   -1.1147608670E+00
    3.2394820741E-01   -1.4482533504E-01   -2.6732117071E-09
   -1.8515634863E-01    2.1197277006E-01   -1.0106665673E-10
    4.1164755508E-09    3.4577435024E-09    5.5741708018E-01
    3.2394820341E-01    1.4482533268E-01    1.2067273451E-09
    1.8515634617E-01    2.1197277433E-01   -7.1697045291E-11
   -3.6714160102E-09    2.7349598969E-09    5.5741707524E-01

#
# The IR spectrum
#  wavenumber eps Int TX TY TZ
#
$ir_spectrum
9
      0.00   0.00000000   0.00000000     0.000000     0.000000     0.000000
      0.00   0.00000000   0.00000000     0.000000     0.000000     0.000000
      0.00   0.00000000   0.00000000     0.000000     0.000000     0.000000
      0.00   0.00000000   0.00000000     0.000000     0.000000     0.000000
      0.00   0.00000000   0.00000000     0.000000     0.000000     0.000000
      0.00   0.00000000   0.00000000     0.000000     0.000000     0.000000
  -8662.26   0.00000000   0.00000000     0.000000     0.000000     0.000000
  17920.25   0.00031795   1.60678398    -0.000000     0.002353    -0.000000
  18339.11   0.01032342  52.17035550     0.013254     0.000000    -0.000000


$end

