
$orca_hessian_file

$act_atom
  0

$act_coord
  0

$act_energy
        0.000000

$multiplicity
  1

$hessian
12
                    0                  1                  2                  3                  4        
    0      7.6836117605E+00   1.5430236065E+00   2.8230333800E-01  -6.8688427956E+00  -9.7456032487E-01
    1      1.5430236065E+00   7.1759748032E+00  -1.0801961932E+00  -8.6834651839E-01   1.8810844957E+00
    2      2.8230333800E-01  -1.0801961932E+00  -1.3613034300E+00   3.6908049242E+00   4.1569761675E-01
    3     -6.8688427956E+00  -8.6834651839E-01   3.6908049242E+00   6.8614505594E+00   8.7881860405E-01
    4     -9.7456032487E-01   1.8810844957E+00   4.1569761675E-01   8.7881860405E-01  -1.9682979716E+00
    5      3.9912757779E+00   3.8270279982E-01   5.2708542693E-01  -3.8118375307E+00  -4.1723474739E-01
    6      6.3031913753E-02   3.6132149953E+00  -1.9342496642E+00  -3.3815973267E-02   1.9498937051E-01
    7      3.6430803536E+00  -4.7801338088E+00   3.6374469733E+00  -9.0150438162E-02   3.0651772573E-02
    8     -2.1133105466E+00   3.9221629430E+00   1.5731803284E-01   8.7018478267E-02  -6.2812519973E-02
    9     -8.7780087864E-01  -4.2879146903E+00  -2.0387975310E+00   4.1208209476E-02  -9.9172993180E-02
   10     -4.2115210282E+00  -4.2769254901E+00  -2.9728870848E+00   7.9603695991E-02   5.6561703357E-02
   11     -2.1603296363E+00  -3.2247308617E+00   6.7689997022E-01   3.4027564235E-02   6.4340482437E-02
                    5                  6                  7                  8                  9        
    0      3.9912757779E+00   6.3031913753E-02   3.6430803536E+00  -2.1133105466E+00  -8.7780087864E-01
    1      3.8270279982E-01   3.6132149953E+00  -4.7801338088E+00   3.9221629430E+00  -4.2879146903E+00
    2      5.2708542693E-01  -1.9342496642E+00   3.6374469733E+00   1.5731803284E-01  -2.0387975310E+00
    3     -3.8118375307E+00  -3.3815973267E-02  -9.0150438162E-02   8.7018478267E-02   4.1208209476E-02
    4     -4.1723474739E-01   1.9498937051E-01   3.0651772573E-02  -6.2812519973E-02  -9.9172993180E-02
    5     -6.1623134827E-01  -1.0189314712E-01   3.3654254674E-02   5.9991857593E-02  -7.7558536007E-02
    6     -1.0189314712E-01  -9.2096238848E-02  -3.6815705713E+00   2.0065209934E+00   6.2880298362E-02
    7      3.3654254674E-02  -3.6815705713E+00   4.7709543387E+00  -3.7610185254E+00   1.2872313931E-01
    8      5.9991857593E-02   2.0065209934E+00  -3.7610185254E+00  -2.6725703150E-01   1.9756318982E-02
    9     -7.7558536007E-02   6.2880298362E-02   1.2872313931E-01   1.9756318982E-02   7.7371237080E-01
   10      8.8686107463E-04  -1.2671627785E-01  -2.1472302513E-02  -9.8408414791E-02   4.2584990771E+00
   11      2.9154063751E-02   2.9636573769E-02   8.9993814545E-02   4.9947141064E-02   2.0966326231E+00
                   10                 11        
     0     -4.2115210282E+00  -2.1603296363E+00
     1     -4.2769254901E+00  -3.2247308617E+00
     2     -2.9728870848E+00   6.7689997022E-01
     3      7.9603695991E-02   3.4027564235E-02
     4      5.6561703357E-02   6.4340482437E-02
     5      8.8686107463E-04   2.9154063751E-02
     6     -1.2671627785E-01   2.9636573769E-02
     7     -2.1472302513E-02   8.9993814545E-02
     8     -9.8408414791E-02   4.9947141064E-02
     9      4.2584990771E+00   2.0966326231E+00
    10      4.2418360893E+00   3.0704026016E+00
    11      3.0704026016E+00  -7.5600117503E-01

$vibrational_frequencies
12
    0        0.0000000000000000
    1        0.0000000000000000
    2        0.0000000000000000
    3        0.0000000000000000
    4        0.0000000000000000
    5        0.0000000000000000
    6    -8059.0108253290827633
    7    -7364.7336267347936882
    8    -7095.3068149179534885
    9    15076.9453571780031780
   10    15768.8606198215456971
   11    15838.2395942623898009

$normal_modes
12 12
                    0                  1                  2                  3                  4        
    0      0.0000000000E+00   0.0000000000E+00   0.0000000000E+00   0.0000000000E+00   0.0000000000E+00
    1      0.0000000000E+00   0.0000000000E+00   0.0000000000E+00   0.0000000000E+00   0.0000000000E+00
    2      0.0000000000E+00   0.0000000000E+00   0.0000000000E+00   0.0000000000E+00   0.0000000000E+00
    3      0.0000000000E+00   0.0000000000E+00   0.0000000000E+00   0.0000000000E+00   0.0000000000E+00
    4      0.0000000000E+00   0.0000000000E+00   0.0000000000E+00   0.0000000000E+00   0.0000000000E+00
    5      0.0000000000E+00   0.0000000000E+00   0.0000000000E+00   0.0000000000E+00   0.0000000000E+00
    6      0.0000000000E+00   0.0000000000E+00   0.0000000000E+00   0.0000000000E+00   0.0000000000E+00
    7      0.0000000000E+00   0.0000000000E+00   0.0000000000E+00   0.0000000000E+00   0.0000000000E+00
    8      0.0000000000E+00   0.0000000000E+00   0.0000000000E+00   0.0000000000E+00   0.0000000000E+00
    9      0.0000000000E+00   0.0000000000E+00   0.0000000000E+00   0.0000000000E+00   0.0000000000E+00
   10      0.0000000000E+00   0.0000000000E+00   0.0000000000E+00   0.0000000000E+00   0.0000000000E+00
   11      0.0000000000E+00   0.0000000000E+00   0.0000000000E+00   0.0000000000E+00   0.0000000000E+00
                    5                  6                  7                  8                  9        
    0      0.0000000000E+00   1.9345413923E-03  -4.6105614911E-02   4.3623786358E-02   5.4004957954E-03
    1      0.0000000000E+00  -8.6297649778E-03   4.8194486873E-02   4.2287845676E-02  -7.0258149653E-03
    2      0.0000000000E+00  -1.0965731559E-01  -1.0583656875E-02  -6.5537797970E-03  -4.6182051772E-02
    3      0.0000000000E+00   2.5026683040E-01  -3.2083538753E-02   1.7736312909E-01  -5.9184920664E-01
    4      0.0000000000E+00   9.9410073985E-02  -5.4609001069E-01  -5.0294132819E-01  -5.9276740615E-02
    5      0.0000000000E+00   5.3127578736E-01  -1.3593853015E-01   2.0921741672E-01   2.4020185951E-01
    6      0.0000000000E+00  -8.6862839939E-02   7.0353697741E-02  -6.8416268734E-01   1.8278373994E-01
    7      0.0000000000E+00   2.1541162873E-01   2.6157989701E-01  -3.0455222652E-01  -3.3795260350E-01
    8      0.0000000000E+00   4.1734853966E-01   3.0433855978E-01   8.5936175367E-02   1.7248737000E-01
    9      0.0000000000E+00  -1.9028605523E-01   6.0240578155E-01  -9.9389306352E-02   3.3402107721E-01
   10      0.0000000000E+00  -1.9490392687E-01  -3.8519244350E-01   2.1986869918E-01   4.9485889790E-01
   11      0.0000000000E+00   5.7515545426E-01  -2.1331297639E-02  -2.0408336033E-01   2.2904886490E-01
                   10                 11        
     0     -7.6727727716E-02   2.2689109131E-02
     1      1.3150522034E-02   7.7187721645E-02
     2     -7.3092686630E-03  -8.7714774482E-03
     3      6.5541408662E-01  -2.4082869220E-01
     4      7.1784735919E-02  -1.3410587399E-02
     5     -2.7568838334E-01   9.7325685296E-02
     6      2.5611572045E-01   2.9184062909E-01
     7     -5.0043907882E-01  -5.2467462843E-01
     8      2.6468498621E-01   2.8170409976E-01
     9      1.5466590931E-01  -3.6629601586E-01
    10      2.4591688046E-01  -5.3450249953E-01
    11      1.1257177626E-01  -2.5714279635E-01

#
# The atoms: label  mass x y z (in bohrs)
#
$atoms
4
 N     14.00700      0.001665734557    -0.007428913232     0.072485510810
 H      1.00800      0.943551455223     0.093934596682    -0.328025049501
 H      1.00800     -0.431840771207     0.805244915411    -0.369429853707
 H      1.00800     -0.534857453795    -0.795948571969    -0.309791674086

$actual_temperature
  0.000000

$frequency_scale_factor
  1.000000

$dipole_derivatives
12
   -8.1659468685E-01    3.7897307173E-02    1.3541243698E-02
    3.7795430855E-02   -8.3856735436E-01   -4.0435590230E-02
    1.1454381736E-02   -3.8712463818E-02   -1.1176791590E+00
    2.3364548849E-01   -1.6779860305E-02    2.2926852318E-01
   -1.7965536576E-02    3.2475954926E-01    3.0875531746E-02
    2.7065707386E-01    5.0109255110E-03    3.8181794103E-01
    2.8768382470E-01    2.9777577484E-02   -1.0631768501E-01
    2.7566328152E-02    2.4537072457E-01    1.9774641821E-01
   -1.4783600136E-01    2.5619171211E-01    3.3821639260E-01
    2.9524732599E-01   -5.1026916384E-02   -1.3649152460E-01
   -4.7425732239E-02    2.6828151000E-01   -1.8820553568E-01
   -1.3433058101E-01   -2.2251637786E-01    3.9749331675E-01

#
# The IR spectrum
#  wavenumber eps Int TX TY TZ
#
$ir_spectrum
12
      0.00   0.00000000   0.00000000     0.000000     0.000000     0.000000
      0.00   0.00000000   0.00000000     0.000000     0.000000     0.000000
      0.00   0.00000000   0.00000000     0.000000     0.000000     0.000000
      0.00   0.00000000   0.00000000     0.000000     0.000000     0.000000
      0.00   0.00000000   0.00000000     0.000000     0.000000     0.000000
      0.00   0.00000000   0.00000000     0.000000     0.000000     0.000000
  -8059.01   0.00000000   0.00000000     0.000000     0.000000     0.000000
  -7364.73   0.00000000   0.00000000     0.000000     0.000000     0.000000
  -7095.31   0.00000000   0.00000000     0.000000     0.000000     0.000000
  15076.95   0.00112201   5.67015554    -0.000947     0.001938    -0.004309
  15768.86   0.00580003  29.31096896     0.010661    -0.001010    -0.000326
  15838.24   0.00640210  32.35356545    -0.003880    -0.010539    -0.000153


$end

