
$orca_hessian_file

$act_atom
  0

$act_coord
  0

$act_energy
        0.000000

$multiplicity
  1

$hessian
9
                    0                  1                  2                  3                  4        
    0      1.5412774954E+01   2.6924880566E-04  -1.1799657435E-05  -7.7064830825E+00  -9.5289776533E+00
    1      2.6924880566E-04   6.8623269418E+00  -8.2211669949E-07  -9.0518983706E+00  -3.4312016580E+00
    2     -1.1799657435E-05  -8.2211669949E-07  -8.3951830765E+00   6.3943002462E-06   5.1431308025E-06
    3     -7.7064830825E+00  -9.0518983706E+00   6.3943002462E-06   7.7633402603E+00   9.2904361561E+00
    4     -9.5289776533E+00  -3.4312016580E+00   5.1431308025E-06   9.2904361561E+00   3.3408747369E+00
    5      6.4093705607E-06   4.8971036665E-06   4.1976641334E+00  -6.4673248923E-06  -5.0139334992E-06
    6     -7.7062918713E+00   9.0516290709E+00   5.3976478234E-06  -5.6857177853E-02   2.3860807978E-01
    7      9.5287084553E+00  -3.4311252837E+00  -4.2995536810E-06  -2.3860436820E-01   9.0326921129E-02
    8      5.3979962404E-06  -4.0964473890E-06   4.1975189432E+00   8.8853221095E-08  -1.2205663398E-07
                    5                  6                  7                  8        
     0      6.4093705607E-06  -7.7062918713E+00   9.5287084553E+00   5.3979962404E-06
     1      4.8971036665E-06   9.0516290709E+00  -3.4311252837E+00  -4.0964473890E-06
     2      4.1976641334E+00   5.3976478234E-06  -4.2995536810E-06   4.1975189432E+00
     3     -6.4673248923E-06  -5.6857177853E-02  -2.3860436820E-01   8.8853221095E-08
     4     -5.0139334992E-06   2.3860807978E-01   9.0326921129E-02  -1.2205663398E-07
     5     -4.2866165067E+00   4.2125756700E-08   1.0968916336E-07   8.8952373335E-02
     6      4.2125756700E-08   7.7631490491E+00  -9.2901706189E+00  -5.4633115208E-06
     7      1.0968916336E-07  -9.2901706189E+00   3.3407983626E+00   4.2041842703E-06
     8      8.8952373335E-02  -5.4633115208E-06   4.2041842703E-06  -4.2864713165E+00

$vibrational_frequencies
9
    0        0.0000000000000000
    1        0.0000000000000000
    2        0.0000000000000000
    3        0.0000000000000000
    4        0.0000000000000000
    5        0.0000000000000000
    6   -10194.8626671426791290
    7    20253.6133966667657660
    8    20754.3506348923001497

$normal_modes
9 9
                    0                  1                  2                  3                  4        
    0      0.0000000000E+00   0.0000000000E+00   0.0000000000E+00   0.0000000000E+00   0.0000000000E+00
    1      0.0000000000E+00   0.0000000000E+00   0.0000000000E+00   0.0000000000E+00   0.0000000000E+00
    2      0.0000000000E+00   0.0000000000E+00   0.0000000000E+00   0.0000000000E+00   0.0000000000E+00
    3      0.0000000000E+00   0.0000000000E+00   0.0000000000E+00   0.0000000000E+00   0.0000000000E+00
    4      0.0000000000E+00   0.0000000000E+00   0.0000000000E+00   0.0000000000E+00   0.0000000000E+00
    5      0.0000000000E+00   0.0000000000E+00   0.0000000000E+00   0.0000000000E+00   0.0000000000E+00
    6      0.0000000000E+00   0.0000000000E+00   0.0000000000E+00   0.0000000000E+00   0.0000000000E+00
    7      0.0000000000E+00   0.0000000000E+00   0.0000000000E+00   0.0000000000E+00   0.0000000000E+00
    8      0.0000000000E+00   0.0000000000E+00   0.0000000000E+00   0.0000000000E+00   0.0000000000E+00
                    5                  6                  7                  8        
     0      0.0000000000E+00   2.3341837768E-07   1.8865502098E-05  -6.9394169179E-02
     1      0.0000000000E+00  -6.7240575450E-02  -5.4194581150E-02  -1.5167318584E-05
     2      0.0000000000E+00   3.5102621945E-09   2.8199470667E-09   3.4387651754E-08
     3      0.0000000000E+00  -4.6150689667E-01   5.5981012585E-01   5.5086896492E-01
     4      0.0000000000E+00   5.3362387763E-01   4.2996903188E-01   4.4092353203E-01
     5      0.0000000000E+00   2.0083179713E-07  -2.9984951530E-07  -2.9599079936E-07
     6      0.0000000000E+00   4.6150319185E-01  -5.6010955955E-01   5.5055694054E-01
     7      0.0000000000E+00   5.3362013688E-01   4.3020865047E-01  -4.4068279598E-01
     8      0.0000000000E+00  -2.5654676161E-07   2.5509124845E-07  -2.4981082797E-07

#
# The atoms: label  mass x y z (in bohrs)
#
$atoms
3
 O     15.99900      0.000000300101    -0.063194148031     0.000000003299
 H      1.00800      0.705504395411     0.501507485964    -0.000000375780
 H      1.00800     -0.705509158629     0.501511536214     0.000000323419

$actual_temperature
  0.000000

$frequency_scale_factor
  1.000000

$dipole_derivatives
9
   -6.6499829597E-01    2.3497772198E-06   -2.7724931214E-07
    1.6802521891E-06   -4.2127087545E-01   -7.5886975148E-08
   -2.5176590330E-07   -4.5324621964E-09   -1.1880033882E+00
    3.3261150563E-01   -1.6113035648E-01    1.5641587898E-07
   -2.0904425101E-01    2.1063872577E-01    1.5818322606E-07
    1.2175061433E-07    8.6735092556E-08    5.9403122122E-01
    3.3261124299E-01    1.6112801709E-01    1.2087882147E-07
    2.0904256821E-01    2.1063930889E-01   -8.2354064197E-08
    1.3046159979E-07   -8.2187148976E-08    5.9402765861E-01

#
# The IR spectrum
#  wavenumber eps Int TX TY TZ
#
$ir_spectrum
9
      0.00   0.00000000   0.00000000     0.000000     0.000000     0.000000
      0.00   0.00000000   0.00000000     0.000000     0.000000     0.000000
      0.00   0.00000000   0.00000000     0.000000     0.000000     0.000000
      0.00   0.00000000   0.00000000     0.000000     0.000000     0.000000
      0.00   0.00000000   0.00000000     0.000000     0.000000     0.000000
      0.00   0.00000000   0.00000000     0.000000     0.000000     0.000000
 -10194.86   0.00000000   0.00000000     0.000000     0.000000     0.000000
  20253.61   0.00010183   0.51462637    -0.000003     0.001253     0.000000
  20754.35   0.00929997  46.99824246     0.011825     0.000000    -0.000000


$end

