*************************************************
******************* ORCA 6.0.1 ******************
*************************************************
$Calculation_Status
   &GeometryIndex 1
   &ListStatus       OUT
   &VERSION [&Type "String"] "6.0.1"
   &PROGNAME [&Type "String"] "LeanSCF"
   &STATUS [&Type "String"] "NORMAL TERMINATION"
$End
$Geometry
   &GeometryIndex 1
   &ListStatus       OUT
   &NATOMS [&Type "Integer"] 3
   &NCORELESSECP [&Type "Integer"] 0
   &NGHOSTATOMS [&Type "Integer"] 0
   &CartesianCoordinates [&Type "Coordinates", &Dim(3,4), &Units "Bohr"] 
              O      0.000000082392   -0.013138899769    0.000000000189
              H      0.705504177701    0.551562734226   -0.000000378890
              H     -0.705509376338    0.551566784476    0.000000320309
$End
$SCF_Energy
   &GeometryIndex 1
   &ListStatus       OUT
   &SCF_ENERGY [&Type "Double"]      -7.4437524021409388e+01
$End
$DFT_Energy
   &GeometryIndex 1
   &ListStatus       OUT
   &NALPHAEL [&Type "Integer"] 5
   &NBETAEL [&Type "Integer"] 5
   &NTOTALEL [&Type "Integer"] 10
   &EEXCHANGE [&Type "Double"]      -7.7223940509822580e+00
   &ECORR [&Type "Double"]      -4.2464562393646599e-01
   &ECNL [&Type "Double"]       0.0000000000000000e+00
   &EXC [&Type "Double"]      -8.1470396749187231e+00
   &EEMBED [&Type "Double"]       0.0000000000000000e+00
   &FINALEN [&Type "Double"]      -7.4437524021409388e+01  "No Van der Waals correction"
$End
$Mulliken_Population_Analysis
   &GeometryIndex 1
   &ListStatus       OUT
   &NATOMS [&Type "Integer"] 3
   &ATNO [&Type "ArrayOfIntegers", &Dim (3,1)] 
                                                         0

0                                                        8
1                                                        1
2                                                        1
   &ATOMICCHARGES [&Type "ArrayOfDoubles", &Dim (3,1)] 
                                                         0

0                                      5.0974352682890522e-01
1                                     -2.5487534992964900e-01
2                                     -2.5486817689928820e-01
$End
$Loewdin_Population_Analysis
   &GeometryIndex 1
   &ListStatus       OUT
   &NATOMS [&Type "Integer"] 3
   &ATNO [&Type "ArrayOfIntegers", &Dim (3,1)] 
                                                         0

0                                                        8
1                                                        1
2                                                        1
   &ATOMICCHARGES [&Type "ArrayOfDoubles", &Dim (3,1)] 
                                                         0

0                                      6.2768092777137507e-01
1                                     -3.1384419999476432e-01
2                                     -3.1383672777665983e-01
$End
$Mayer_Population_Analysis
   &GeometryIndex 1
   &ListStatus       OUT
   &NATOMS [&Type "Integer"] 3 "Total number of atoms"
   &BONDTHRESH [&Type "Double"]       1.0000000000000001e-01  "The threshold for printing"
   &NBONDORDERSPRINT [&Type "Integer"] 3 "The number of bond orders larger than threshold"
   &BONDORDERS [&Type "ArrayOfDoubles", &Dim (3,1)] "The bond orders"
                                                         0

0                                      8.2879552823718283e-01
1                                      8.2880034175127315e-01
2                                      1.9180449098898017e-01
   &COMPONENTS [&Type "ArrayOfIntegers", &Dim (3,4)] "The indices and atomic numbers of the bonding atoms"
                                                         0                           1                           2                           3

0                                                        0                           8                           1                           1
1                                                        0                           8                           2                           1
2                                                        1                           1                           2                           1
   &ATNO [&Type "ArrayOfIntegers", &Dim (3,1)] "Atomic number of the elements"
                                                         0

0                                                        8
1                                                        1
2                                                        1
   &NA [&Type "ArrayOfDoubles", &Dim (3,1)] "Mulliken gross atomic population"
                                                         0

0                                      7.4902564731710948e+00
1                                      1.2548753499296490e+00
2                                      1.2548681768992882e+00
   &ZA [&Type "ArrayOfDoubles", &Dim (3,1)] "Total nuclear charge"
                                                         0

0                                      8.0000000000000000e+00
1                                      1.0000000000000000e+00
2                                      1.0000000000000000e+00
   &QA [&Type "ArrayOfDoubles", &Dim (3,1)] "Mulliken gross atomic charge"
                                                         0

0                                      5.0974352682890522e-01
1                                     -2.5487534992964900e-01
2                                     -2.5486817689928820e-01
   &VA [&Type "ArrayOfDoubles", &Dim (3,1)] "Mayer's total valence"
                                                         0

0                                      1.6575958699884157e+00
1                                      1.0206000192261522e+00
2                                      1.0206048327402439e+00
   &BVA [&Type "ArrayOfDoubles", &Dim (3,1)] "Mayer's bonded valence"
                                                         0

0                                      1.6575958699884561e+00
1                                      1.0206000192261631e+00
2                                      1.0206048327402533e+00
   &FA [&Type "ArrayOfDoubles", &Dim (3,1)] "Mayer's free valence"
                                                         0

0                                      0.0000000000000000e+00
1                                      0.0000000000000000e+00
2                                      0.0000000000000000e+00
$End
$SCF_Nuc_Gradient
   &GeometryIndex 1
   &ListStatus       OUT
   &NATOMS [&Type "Integer"] 3
   &ROOT [&Type "Integer"] 0
   &GRADNORM [&Type "Double"]       7.2650750227050116e+00
   &GRAD [&Type "ArrayOfDoubles", &Dim (9,1)] 
                                                         0

0                                      7.9918107903488570e-05
1                                      4.7412869471054249e+00
2                                     -2.4562492590089484e-07
3                                     -3.0872403250946756e+00
4                                     -2.3706756193918128e+00
5                                      1.6488200114700225e-06
6                                      3.0871604069867451e+00
7                                     -2.3706113280359329e+00
8                                     -1.4031951055760712e-06
$End
$SCF_Dipole_Moment
   &GeometryIndex 1
   &ListStatus       OUT
   &METHOD [&Type "String"] "SCF"
   &LEVEL [&Type "String"] "Relaxed density"
   &MULT [&Type "Integer"] 1
   &STATE [&Type "Integer"] -1
   &IRREP [&Type "Integer"] 0
   &NATOMS [&Type "Integer"] 3
   &DODIPOLEATOM [&Type "Boolean"] false
   &DIPOLEELECCONTRIB [&Type "ArrayOfDoubles", &Dim (3,1)] "Electronic contribution"
                                                         0

0                                      1.4232189854725130e-06
1                                      1.7256144163928017e-01
2                                     -8.6891074569812137e-09
   &DIPOLENUCCONTRIB [&Type "ArrayOfDoubles", &Dim (3,1)] "Nuclear contribution"
                                                         0

0                                     -2.3624059186655444e-06
1                                      4.9746583792599264e-01
2                                     -2.5969629244421830e-08
   &DIPOLETOTAL [&Type "ArrayOfDoubles", &Dim (3,1)] "Total"
                                                         0

0                                     -9.3918693319303137e-07
1                                      6.7002727956527286e-01
2                                     -3.4658736701403044e-08
   &DIPOLEMAGNITUDE [&Type "Double", &Units "a.u."]       6.7002727956593200e-01
$End
$SCF_Polarizability
   &GeometryIndex 1
   &ListStatus       OUT
   &METHOD [&Type "String"] "SCF"
   &LEVEL [&Type "String"] "Relaxed density"
   &MULT [&Type "Integer"] 1
   &STATE [&Type "Integer"] -1
   &IRREP [&Type "Integer"] 0
   &NATOMS [&Type "Integer"] 3
   &DODIPOLEATOM [&Type "Boolean"] false
   &RAWCARTESIAN [&Type "ArrayOfDoubles", &Units "a.u", &Dim (3,3)] 
                                                         0                           1                           2

0                                      2.3689883806345473e+00        -5.2432794314591358e-06         2.7994731442110091e-07
1                                     -5.2432794314591358e-06         2.1520713869322403e+00         7.4197475105329343e-08
2                                      2.7994731442110091e-07         7.4197475105329343e-08         2.9262635526210601e+00
   &DIAGONALIZEDTENSOR [&Type "ArrayOfDoubles", &Dim (3,1)] 
                                                         0

0                                      2.1520713868054928e+00
1                                      2.3689883807611452e+00
2                                      2.9262635526212080e+00
   &ORIENTATION [&Type "ArrayOfDoubles", &Dim (3,3)] 
                                                         0                           1                           2

0                                     -2.4171824278210753e-05         9.9999999970773557e-01         5.0234933476843767e-07
1                                     -9.9999999970785658e-01        -2.4171824326679747e-05         9.5835174308897041e-08
2                                      9.5847316980758399e-08        -5.0234701811068670e-07         9.9999999999986966e-01
   &ISOTROPICPOLAR [&Type "Double"]       2.4824411067292820e+00
$End
$THERMOCHEMISTRY_Energies
   &GeometryIndex 1
   &ListStatus       OUT
   &TEMPERATURE [&Type "Double"]       2.9814999999999998e+02
   &PRESSURE [&Type "Double"]       1.0000000000000000e+00
   &TOTALMASS [&Type "Double"]       1.8015000000000001e+01
   &SPINDEGENERACY [&Type "Integer"] 1
   &ELENERGY [&Type "Double"]      -7.4437524021409388e+01
   &TRANSENERGY [&Type "Double"]       1.4162714244859817e-03
   &ROTENERGY [&Type "Double"]       1.4162714244859817e-03
   &VIBENERGY [&Type "Double"]       3.6087838151174282e-44
   &NUMOFFREQS [&Type "Integer"] 9
   &FREQSCALINGFACTOR [&Type "Double"]       1.0000000000000000e+00
   &FREQ [&Type "ArrayOfDoubles", &Dim (9,1)] "In cm^-1"
                                                         0

0                                      0.0000000000000000e+00
1                                      0.0000000000000000e+00
2                                      0.0000000000000000e+00
3                                      0.0000000000000000e+00
4                                      0.0000000000000000e+00
5                                      0.0000000000000000e+00
6                                     -1.0194862667142679e+04
7                                      2.0253613396666766e+04
8                                      2.0754350634892300e+04
   &ZPE [&Type "Double"]       9.3423016209934220e-02
   &INNERENERGYU [&Type "Double"]      -7.4341268462350470e+01
   &ENTHALPYH [&Type "Double"]      -7.4340324253308211e+01
   &QEL [&Type "Double"]       0.0000000000000000e+00
   &QROT [&Type "Double"]       3.0042378808334768e-03
   &QVIB [&Type "Double"]      -1.3116693603502645e-12
   &QTRANS [&Type "Double"]       1.6443801841798250e-02
   &ENTROPYS [&Type "Double"]       1.9448039721320056e-02
   &FREEENERGYG [&Type "Double"]      -7.4359772293029536e+01
   &ISLINEAR [&Type "Boolean"] false
$End
$Hessian
   &GeometryIndex 1
   &ListStatus       OUT
   &HESSIAN [&Type "ArrayOfDoubles", &Dim (9,9)] "The Hessian"
                                                         0                           1                           2                           3                           4                           5                           6                           7

0                                      1.5412774953734338e+01         2.6924880565637466e-04        -1.1799657435373494e-05        -7.7064830824682033e+00        -9.5289776532841284e+00         6.4093705606903538e-06        -7.7062918712661350e+00         9.5287084553026240e+00
1                                      2.6924880565637466e-04         6.8623269417641435e+00        -8.2211669949088677e-07        -9.0518983705511467e+00        -3.4312016580254552e+00         4.8971036664785139e-06         9.0516290709213383e+00        -3.4311252837386883e+00
2                                     -1.1799657435373494e-05        -8.2211669949088677e-07        -8.3951830765474114e+00         6.3943002461896017e-06         5.1431308025436872e-06         4.1976641333725331e+00         5.3976478234283566e-06        -4.2995536810155451e-06
3                                     -7.7064830824682033e+00        -9.0518983705511467e+00         6.3943002461896017e-06         7.7633402603211552e+00         9.2904361561265425e+00        -6.4673248923374528e-06        -5.6857177852952134e-02        -2.3860436819691677e-01
4                                     -9.5289776532841284e+00        -3.4312016580254552e+00         5.1431308025436872e-06         9.2904361561265425e+00         3.3408747368963647e+00        -5.0139334992029822e-06         2.3860807977910814e-01         9.0326921129090298e-02
5                                      6.4093705606903538e-06         4.8971036664785139e-06         4.1976641333725331e+00        -6.4673248923374528e-06        -5.0139334992029822e-06        -4.2866165067072401e+00         4.2125756700436867e-08         1.0968916336161486e-07
6                                     -7.7062918712661350e+00         9.0516290709213383e+00         5.3976478234283566e-06        -5.6857177852952134e-02         2.3860807977910814e-01         4.2125756700436867e-08         7.7631490491190869e+00        -9.2901706189030762e+00
7                                      9.5287084553026240e+00        -3.4311252837386883e+00        -4.2995536810155451e-06        -2.3860436819691677e-01         9.0326921129090298e-02         1.0968916336161486e-07        -9.2901706189030762e+00         3.3407983626095978e+00
8                                      5.3979962404386739e-06        -4.0964473890248826e-06         4.1975189431748792e+00         8.8853221094513686e-08        -1.2205663397785246e-07         8.8952373334707499e-02        -5.4633115208309903e-06         4.2041842703283331e-06
                                                         8

0                                      5.3979962404386739e-06
1                                     -4.0964473890248826e-06
2                                      4.1975189431748792e+00
3                                      8.8853221094513686e-08
4                                     -1.2205663397785246e-07
5                                      8.8952373334707499e-02
6                                     -5.4633115208309903e-06
7                                      4.2041842703283331e-06
8                                     -4.2864713165095862e+00
   &MODES [&Type "ArrayOfDoubles", &Dim (9,9)] "The modes of vibrations"
                                                         0                           1                           2                           3                           4                           5                           6                           7

0                                      0.0000000000000000e+00         0.0000000000000000e+00         0.0000000000000000e+00         0.0000000000000000e+00         0.0000000000000000e+00         0.0000000000000000e+00         2.2504717674192955e-07         1.8393079071878394e-05
1                                      0.0000000000000000e+00         0.0000000000000000e+00         0.0000000000000000e+00         0.0000000000000000e+00         0.0000000000000000e+00         0.0000000000000000e+00        -6.4829092796939825e-02        -5.2837460204594761e-02
2                                      0.0000000000000000e+00         0.0000000000000000e+00         0.0000000000000000e+00         0.0000000000000000e+00         0.0000000000000000e+00         0.0000000000000000e+00         3.3843718919727467e-09         2.7493309802132230e-09
3                                      0.0000000000000000e+00         0.0000000000000000e+00         0.0000000000000000e+00         0.0000000000000000e+00         0.0000000000000000e+00         0.0000000000000000e+00        -4.4495564219427886e-01         5.4579156475182966e-01
4                                      0.0000000000000000e+00         0.0000000000000000e+00         0.0000000000000000e+00         0.0000000000000000e+00         0.0000000000000000e+00         0.0000000000000000e+00         5.1448625550761240e-01         4.1920190412948960e-01
5                                      0.0000000000000000e+00         0.0000000000000000e+00         0.0000000000000000e+00         0.0000000000000000e+00         0.0000000000000000e+00         0.0000000000000000e+00         1.9362926514957586e-07        -2.9234079304712500e-07
6                                      0.0000000000000000e+00         0.0000000000000000e+00         0.0000000000000000e+00         0.0000000000000000e+00         0.0000000000000000e+00         0.0000000000000000e+00         4.4495207024013128e-01        -5.4608350014078899e-01
7                                      0.0000000000000000e+00         0.0000000000000000e+00         0.0000000000000000e+00         0.0000000000000000e+00         0.0000000000000000e+00         0.0000000000000000e+00         5.1448264891524575e-01         4.1943552227260616e-01
8                                      0.0000000000000000e+00         0.0000000000000000e+00         0.0000000000000000e+00         0.0000000000000000e+00         0.0000000000000000e+00         0.0000000000000000e+00        -2.4734609577677635e-07         2.4870334639581332e-07
                                                         8

0                                     -6.6768699853858304e-02
1                                     -1.4593475995309312e-05
2                                      3.3086624219429050e-08
3                                      5.3002730650915497e-01
4                                      4.2424156548754566e-01
5                                     -2.8479223940183637e-07
6                                      5.2972708730223339e-01
7                                     -4.2400993748908378e-01
8                                     -2.4035944791786880e-07
$End
