*************************************************
******************* ORCA 6.0.1 ******************
*************************************************
$Calculation_Status
   &GeometryIndex 1
   &ListStatus       OUT
   &VERSION [&Type "String"] "6.0.1"
   &PROGNAME [&Type "String"] "LeanSCF"
   &STATUS [&Type "String"] "NORMAL TERMINATION"
$End
$Geometry
   &GeometryIndex 1
   &ListStatus       OUT
   &NATOMS [&Type "Integer"] 4
   &NCORELESSECP [&Type "Integer"] 0
   &NGHOSTATOMS [&Type "Integer"] 0
   &CartesianCoordinates [&Type "Coordinates", &Dim(4,4), &Units "Bohr"] 
              N      0.000503995251   -0.002287927713    0.156182627301
              H      0.942389715918    0.099075582201   -0.244327933010
              H     -0.433002510513    0.810385900930   -0.285732737216
              H     -0.536019193100   -0.790807586450   -0.226094557595
$End
$SCF_Energy
   &GeometryIndex 1
   &ListStatus       OUT
   &SCF_ENERGY [&Type "Double"]      -5.4585500740686648e+01
$End
$DFT_Energy
   &GeometryIndex 1
   &ListStatus       OUT
   &NALPHAEL [&Type "Integer"] 5
   &NBETAEL [&Type "Integer"] 5
   &NTOTALEL [&Type "Integer"] 10
   &EEXCHANGE [&Type "Double"]      -6.8090453422728920e+00
   &ECORR [&Type "Double"]      -4.0799088520833593e-01
   &ECNL [&Type "Double"]       0.0000000000000000e+00
   &EXC [&Type "Double"]      -7.2170362274812279e+00
   &EEMBED [&Type "Double"]       0.0000000000000000e+00
   &FINALEN [&Type "Double"]      -5.4585500740686648e+01  "No Van der Waals correction"
$End
$Mulliken_Population_Analysis
   &GeometryIndex 1
   &ListStatus       OUT
   &NATOMS [&Type "Integer"] 4
   &ATNO [&Type "ArrayOfIntegers", &Dim (4,1)] 
                                                         0

0                                                        7
1                                                        1
2                                                        1
3                                                        1
   &ATOMICCHARGES [&Type "ArrayOfDoubles", &Dim (4,1)] 
                                                         0

0                                      9.3595495121561356e-01
1                                     -3.1521116993839948e-01
2                                     -2.8658322336122155e-01
3                                     -3.3416055791599830e-01
$End
$Loewdin_Population_Analysis
   &GeometryIndex 1
   &ListStatus       OUT
   &NATOMS [&Type "Integer"] 4
   &ATNO [&Type "ArrayOfIntegers", &Dim (4,1)] 
                                                         0

0                                                        7
1                                                        1
2                                                        1
3                                                        1
   &ATOMICCHARGES [&Type "ArrayOfDoubles", &Dim (4,1)] 
                                                         0

0                                      4.1309963181754306e-01
1                                     -1.3718054759420695e-01
2                                     -1.3515974167738642e-01
3                                     -1.4075934254595213e-01
$End
$Mayer_Population_Analysis
   &GeometryIndex 1
   &ListStatus       OUT
   &NATOMS [&Type "Integer"] 4 "Total number of atoms"
   &BONDTHRESH [&Type "Double"]       1.0000000000000001e-01  "The threshold for printing"
   &NBONDORDERSPRINT [&Type "Integer"] 6 "The number of bond orders larger than threshold"
   &BONDORDERS [&Type "ArrayOfDoubles", &Dim (6,1)] "The bond orders"
                                                         0

0                                      3.4205764939656874e-01
1                                      3.1784439225935818e-01
2                                      3.4076700753903533e-01
3                                      2.4770214536996379e-01
4                                      2.4472314111055909e-01
5                                      2.5080895669480324e-01
   &COMPONENTS [&Type "ArrayOfIntegers", &Dim (6,4)] "The indices and atomic numbers of the bonding atoms"
                                                         0                           1                           2                           3

0                                                        0                           7                           1                           1
1                                                        0                           7                           2                           1
2                                                        0                           7                           3                           1
3                                                        1                           1                           2                           1
4                                                        1                           1                           3                           1
5                                                        2                           1                           3                           1
   &ATNO [&Type "ArrayOfIntegers", &Dim (4,1)] "Atomic number of the elements"
                                                         0

0                                                        7
1                                                        1
2                                                        1
3                                                        1
   &NA [&Type "ArrayOfDoubles", &Dim (4,1)] "Mulliken gross atomic population"
                                                         0

0                                      6.0640450487843829e+00
1                                      1.3152111699383993e+00
2                                      1.2865832233612224e+00
3                                      1.3341605579159983e+00
   &ZA [&Type "ArrayOfDoubles", &Dim (4,1)] "Total nuclear charge"
                                                         0

0                                      7.0000000000000000e+00
1                                      1.0000000000000000e+00
2                                      1.0000000000000000e+00
3                                      1.0000000000000000e+00
   &QA [&Type "ArrayOfDoubles", &Dim (4,1)] "Mulliken gross atomic charge"
                                                         0

0                                      9.3595495121561711e-01
1                                     -3.1521116993839926e-01
2                                     -2.8658322336122244e-01
3                                     -3.3416055791599830e-01
   &VA [&Type "ArrayOfDoubles", &Dim (4,1)] "Mayer's total valence"
                                                         0

0                                      1.0006690491949521e+00
1                                      8.3448293587709466e-01
2                                      8.1635549432411747e-01
3                                      8.3629910534439478e-01
   &BVA [&Type "ArrayOfDoubles", &Dim (4,1)] "Mayer's bonded valence"
                                                         0

0                                      1.0006690491949624e+00
1                                      8.3448293587709166e-01
2                                      8.1635549432412513e-01
3                                      8.3629910534439766e-01
   &FA [&Type "ArrayOfDoubles", &Dim (4,1)] "Mayer's free valence"
                                                         0

0                                      0.0000000000000000e+00
1                                      0.0000000000000000e+00
2                                      0.0000000000000000e+00
3                                      0.0000000000000000e+00
$End
$SCF_Nuc_Gradient
   &GeometryIndex 1
   &ListStatus       OUT
   &NATOMS [&Type "Integer"] 4
   &ROOT [&Type "Integer"] 0
   &GRADNORM [&Type "Double"]       5.0475460672751158e+00
   &GRAD [&Type "ArrayOfDoubles", &Dim (12,1)] 
                                                         0

0                                     -9.1225041960797115e-02
1                                      2.8512799479792156e-01
2                                     -2.7754425812951462e+00
3                                     -2.2234672917890617e+00
4                                     -1.8866434591515882e-01
5                                      8.9725280446323363e-01
6                                      1.0748858735531479e+00
7                                     -1.9755340208861152e+00
8                                      1.0119574980083637e+00
9                                      1.2398064602036285e+00
10                                     1.8790703719791406e+00
11                                     8.6623227893970367e-01
$End
$SCF_Dipole_Moment
   &GeometryIndex 1
   &ListStatus       OUT
   &METHOD [&Type "String"] "SCF"
   &LEVEL [&Type "String"] "Relaxed density"
   &MULT [&Type "Integer"] 1
   &STATE [&Type "Integer"] -1
   &IRREP [&Type "Integer"] 0
   &NATOMS [&Type "Integer"] 4
   &DODIPOLEATOM [&Type "Boolean"] false
   &DIPOLEELECCONTRIB [&Type "ArrayOfDoubles", &Dim (3,1)] "Electronic contribution"
                                                         0

0                                      4.4194743747249911e-03
1                                     -2.3051905965620994e-02
2                                     -2.2536722579462393e-01
   &DIPOLENUCCONTRIB [&Type "ArrayOfDoubles", &Dim (3,1)] "Nuclear contribution"
                                                         0

0                                     -1.1486627881001188e-02
1                                      5.1228547497854326e-02
2                                     -4.9984800162589649e-01
   &DIPOLETOTAL [&Type "ArrayOfDoubles", &Dim (3,1)] "Total"
                                                         0

0                                     -7.0671535062761968e-03
1                                      2.8176641532233333e-02
2                                     -7.2521522742052036e-01
   &DIPOLEMAGNITUDE [&Type "Double", &Units "a.u."]       7.2579679929668617e-01
$End
$SCF_Polarizability
   &GeometryIndex 1
   &ListStatus       OUT
   &METHOD [&Type "String"] "SCF"
   &LEVEL [&Type "String"] "Relaxed density"
   &MULT [&Type "Integer"] 1
   &STATE [&Type "Integer"] -1
   &IRREP [&Type "Integer"] 0
   &NATOMS [&Type "Integer"] 4
   &DODIPOLEATOM [&Type "Boolean"] false
   &RAWCARTESIAN [&Type "ArrayOfDoubles", &Units "a.u", &Dim (3,3)] 
                                                         0                           1                           2

0                                      3.4605295891658434e+00         1.6265795986257856e-02        -1.7919246671529998e-02
1                                      1.6265795986257856e-02         3.4615516609026038e+00         3.2647768053180655e-02
2                                     -1.7919246671529998e-02         3.2647768053180655e-02         3.7962207785739048e+00
   &DIAGONALIZEDTENSOR [&Type "ArrayOfDoubles", &Dim (3,1)] 
                                                         0

0                                      3.4411658745070377e+00
1                                      3.4769785290747426e+00
2                                      3.8001576250605726e+00
   &ORIENTATION [&Type "ArrayOfDoubles", &Dim (3,3)] 
                                                         0                           1                           2

0                                     -6.9288217172601918e-01         7.1945224797583063e-01        -4.7987071037507795e-02
1                                      7.1399547421910980e-01         6.9386854551958144e-01         9.3578332605197628e-02
2                                     -1.0062186093917976e-01        -3.0576206780177601e-02         9.9445479368348966e-01
   &ISOTROPICPOLAR [&Type "Double"]       3.5727673428807840e+00
$End
$THERMOCHEMISTRY_Energies
   &GeometryIndex 1
   &ListStatus       OUT
   &TEMPERATURE [&Type "Double"]       2.9814999999999998e+02
   &PRESSURE [&Type "Double"]       1.0000000000000000e+00
   &TOTALMASS [&Type "Double"]       1.7030999999999999e+01
   &SPINDEGENERACY [&Type "Integer"] 1
   &ELENERGY [&Type "Double"]      -5.4585500740686648e+01
   &TRANSENERGY [&Type "Double"]       1.4162714244859817e-03
   &ROTENERGY [&Type "Double"]       1.4162714244859817e-03
   &VIBENERGY [&Type "Double"]       1.8485225152402559e-33
   &NUMOFFREQS [&Type "Integer"] 12
   &FREQSCALINGFACTOR [&Type "Double"]       1.0000000000000000e+00
   &FREQ [&Type "ArrayOfDoubles", &Dim (12,1)] "In cm^-1"
                                                         0

0                                      0.0000000000000000e+00
1                                      0.0000000000000000e+00
2                                      0.0000000000000000e+00
3                                      0.0000000000000000e+00
4                                      0.0000000000000000e+00
5                                      0.0000000000000000e+00
6                                     -8.0590108253290828e+03
7                                     -7.3647336267347937e+03
8                                     -7.0953068149179535e+03
9                                      1.5076945357178003e+04
10                                     1.5768860619821546e+04
11                                     1.5838239594262390e+04
   &ZPE [&Type "Double"]       1.0635408143630043e-01
   &INNERENERGYU [&Type "Double"]      -5.4476314116401369e+01
   &ENTHALPYH [&Type "Double"]      -5.4475369907359109e+01
   &QEL [&Type "Double"]       0.0000000000000000e+00
   &QROT [&Type "Double"]       4.6973271711584297e-03
   &QVIB [&Type "Double"]      -5.2756564534092056e-12
   &QTRANS [&Type "Double"]       1.6364250539629886e-02
   &ENTROPYS [&Type "Double"]       2.1061577705512660e-02
   &FREEENERGYG [&Type "Double"]      -5.4496431485064619e+01
   &ISLINEAR [&Type "Boolean"] false
$End
$Hessian
   &GeometryIndex 1
   &ListStatus       OUT
   &HESSIAN [&Type "ArrayOfDoubles", &Dim (12,12)] "The Hessian"
                                                         0                           1                           2                           3                           4                           5                           6                           7

0                                      7.6836117604812806e+00         1.5430236065065859e+00         2.8230333799681351e-01        -6.8688427955924647e+00        -9.7456032486803656e-01         3.9912757778553933e+00         6.3031913752571889e-02         3.6430803535519680e+00
1                                      1.5430236065065859e+00         7.1759748032442783e+00        -1.0801961931817172e+00        -8.6834651839098154e-01         1.8810844956728427e+00         3.8270279981895050e-01         3.6132149952539669e+00        -4.7801338087810255e+00
2                                      2.8230333799681351e-01        -1.0801961931817172e+00        -1.3613034299874305e+00         3.6908049241972076e+00         4.1569761674504235e-01         5.2708542692924454e-01        -1.9342496641927862e+00         3.6374469733132417e+00
3                                     -6.8688427955924647e+00        -8.6834651839098154e-01         3.6908049241972076e+00         6.8614505593833188e+00         8.7881860405016843e-01        -3.8118375307130998e+00        -3.3815973266701382e-02        -9.0150438161523724e-02
4                                     -9.7456032486803656e-01         1.8810844956728427e+00         4.1569761674504235e-01         8.7881860405016843e-01        -1.9682979716030058e+00        -4.1723474738812799e-01         1.9498937050889231e-01         3.0651772572824865e-02
5                                      3.9912757778553933e+00         3.8270279981895050e-01         5.2708542692924454e-01        -3.8118375307130998e+00        -4.1723474738812799e-01        -6.1623134827309545e-01        -1.0189314712100780e-01         3.3654254674419737e-02
6                                      6.3031913752571889e-02         3.6132149952539669e+00        -1.9342496641927862e+00        -3.3815973266701382e-02         1.9498937050889231e-01        -1.0189314712100780e-01        -9.2096238848100503e-02        -3.6815705713066715e+00
7                                      3.6430803535519680e+00        -4.7801338087810255e+00         3.6374469733132417e+00        -9.0150438161523724e-02         3.0651772572824865e-02         3.3654254674419737e-02        -3.6815705713066715e+00         4.7709543387207054e+00
8                                     -2.1133105465795707e+00         3.9221629429795231e+00         1.5731803284301565e-01         8.7018478266954205e-02        -6.2812519973489134e-02         5.9991857592960052e-02         2.0065209934377779e+00        -3.7610185253740021e+00
9                                     -8.7780087864138800e-01        -4.2879146903152794e+00        -2.0387975309906126e+00         4.1208209475847413e-02        -9.9172993179660163e-02        -7.7558536007381884e-02         6.2880298362229997e-02         1.2872313931227397e-01
10                                    -4.2115210282448095e+00        -4.2769254901360956e+00        -2.9728870848245599e+00         7.9603695990972806e-02         5.6561703357338344e-02         8.8686107463499531e-04        -1.2671627785223419e-01        -2.1472302512504760e-02
11                                    -2.1603296362832585e+00        -3.2247308616687640e+00         6.7689997021517034e-01         3.4027564235034793e-02         6.4340482436697571e-02         2.9154063750890899e-02         2.9636573768839488e-02         8.9993814545437353e-02
                                                         8                           9                          10                          11

0                                     -2.1133105465795707e+00        -8.7780087864138800e-01        -4.2115210282448095e+00        -2.1603296362832585e+00
1                                      3.9221629429795231e+00        -4.2879146903152794e+00        -4.2769254901360956e+00        -3.2247308616687640e+00
2                                      1.5731803284301565e-01        -2.0387975309906126e+00        -2.9728870848245599e+00         6.7689997021517034e-01
3                                      8.7018478266954205e-02         4.1208209475847413e-02         7.9603695990972806e-02         3.4027564235034793e-02
4                                     -6.2812519973489134e-02        -9.9172993179660163e-02         5.6561703357338344e-02         6.4340482436697571e-02
5                                      5.9991857592960052e-02        -7.7558536007381884e-02         8.8686107463499531e-04         2.9154063750890899e-02
6                                      2.0065209934377779e+00         6.2880298362229997e-02        -1.2671627785223419e-01         2.9636573768839488e-02
7                                     -3.7610185253740021e+00         1.2872313931227397e-01        -2.1472302512504760e-02         8.9993814545437353e-02
8                                     -2.6725703149973323e-01         1.9756318982015138e-02        -9.8408414791128315e-02         4.9947141063757541e-02
9                                      1.9756318982015138e-02         7.7371237080331057e-01         4.2584990771443687e+00         2.0966326231476815e+00
10                                    -9.8408414791128315e-02         4.2584990771443687e+00         4.2418360892912625e+00         3.0704026016138410e+00
11                                     4.9947141063757541e-02         2.0966326231476815e+00         3.0704026016138410e+00        -7.5600117502981878e-01
   &MODES [&Type "ArrayOfDoubles", &Dim (12,12)] "The modes of vibrations"
                                                         0                           1                           2                           3                           4                           5                           6                           7

0                                      0.0000000000000000e+00         0.0000000000000000e+00         0.0000000000000000e+00         0.0000000000000000e+00         0.0000000000000000e+00         0.0000000000000000e+00         1.7920671598718784e-03        -4.4628713775960872e-02
1                                      0.0000000000000000e+00         0.0000000000000000e+00         0.0000000000000000e+00         0.0000000000000000e+00         0.0000000000000000e+00         0.0000000000000000e+00        -7.9942039368539816e-03         4.6650672903705025e-02
2                                      0.0000000000000000e+00         0.0000000000000000e+00         0.0000000000000000e+00         0.0000000000000000e+00         0.0000000000000000e+00         0.0000000000000000e+00        -1.0158132304681661e-01        -1.0244630600575748e-02
3                                      0.0000000000000000e+00         0.0000000000000000e+00         0.0000000000000000e+00         0.0000000000000000e+00         0.0000000000000000e+00         0.0000000000000000e+00         2.3183529169268297e-01        -3.1055806774849332e-02
4                                      0.0000000000000000e+00         0.0000000000000000e+00         0.0000000000000000e+00         0.0000000000000000e+00         0.0000000000000000e+00         0.0000000000000000e+00         9.2088765668432340e-02        -5.2859710969890905e-01
5                                      0.0000000000000000e+00         0.0000000000000000e+00         0.0000000000000000e+00         0.0000000000000000e+00         0.0000000000000000e+00         0.0000000000000000e+00         4.9214862766157191e-01        -1.3158401129353964e-01
6                                      0.0000000000000000e+00         0.0000000000000000e+00         0.0000000000000000e+00         0.0000000000000000e+00         0.0000000000000000e+00         0.0000000000000000e+00        -8.0465604658848125e-02         6.8100057783061330e-02
7                                      0.0000000000000000e+00         0.0000000000000000e+00         0.0000000000000000e+00         0.0000000000000000e+00         0.0000000000000000e+00         0.0000000000000000e+00         1.9954709019681560e-01         2.5320070832325514e-01
8                                      0.0000000000000000e+00         0.0000000000000000e+00         0.0000000000000000e+00         0.0000000000000000e+00         0.0000000000000000e+00         0.0000000000000000e+00         3.8661184254247338e-01         2.9458968287507009e-01
9                                      0.0000000000000000e+00         0.0000000000000000e+00         0.0000000000000000e+00         0.0000000000000000e+00         0.0000000000000000e+00         0.0000000000000000e+00        -1.7627195360955453e-01         5.8310891750357763e-01
10                                     0.0000000000000000e+00         0.0000000000000000e+00         0.0000000000000000e+00         0.0000000000000000e+00         0.0000000000000000e+00         0.0000000000000000e+00        -1.8054973032604790e-01        -3.7285357418208048e-01
11                                     0.0000000000000000e+00         0.0000000000000000e+00         0.0000000000000000e+00         0.0000000000000000e+00         0.0000000000000000e+00         0.0000000000000000e+00         5.3279666463401099e-01        -2.0647992194363151e-02
                                                         8                           9                          10                          11

0                                      4.2440459557740347e-02         5.3039289446173326e-03        -7.3577292344835760e-02         2.1700997394104835e-02
1                                      4.1140757233984381e-02        -6.9001856063304846e-03         1.2610562478453049e-02         7.3826192848940181e-02
2                                     -6.3760037732551213e-03        -4.5356265497559896e-02        -7.0091505803017741e-03        -8.3894792055410720e-03
3                                      1.7255202575061818e-01        -5.8126628681557846e-01         6.2850282803778867e-01        -2.3034059167404455e-01
4                                     -4.8929868039657060e-01        -5.8216806789806529e-02         6.8837259461199229e-02        -1.2826555706718899e-02
5                                      2.0354224276327912e-01         2.3590678402617857e-01        -2.6436863675046668e-01         9.3087147265194278e-02
6                                     -6.6560427892325302e-01         1.7951536407311103e-01         2.4559962608972102e-01         2.7913095638831587e-01
7                                     -2.9629102680109176e-01        -3.3190963636256871e-01        -4.7989108369367800e-01        -5.0182502444615984e-01
8                                      8.3605094369022775e-02         1.6940310463416530e-01         2.5381703836823150e-01         2.6943587337618341e-01
9                                     -9.6693299431799148e-02         3.2804841011622243e-01         1.4831533741427064e-01        -3.5034380766985307e-01
10                                     2.1390460146708767e-01         4.8601027230700922e-01         2.3581954979230829e-01        -5.1122489131051951e-01
11                                    -1.9854745136644442e-01         2.2495321731616577e-01         1.0794958665434526e-01        -2.4594421584771323e-01
$End
