*************************************************
******************* ORCA 6.0.1 ******************
*************************************************
$Calculation_Status
   &GeometryIndex 1
   &ListStatus       OUT
   &VERSION [&Type "String"] "6.0.1"
   &PROGNAME [&Type "String"] "LeanSCF"
   &STATUS [&Type "String"] "NORMAL TERMINATION"
$End
$Geometry
   &GeometryIndex 1
   &ListStatus       OUT
   &NATOMS [&Type "Integer"] 4
   &NCORELESSECP [&Type "Integer"] 0
   &NGHOSTATOMS [&Type "Integer"] 0
   &CartesianCoordinates [&Type "Coordinates", &Dim(4,4), &Units "Bohr"] 
              N      0.001913831480   -0.000153217672    0.156194702840
              H      0.870110666480   -0.000155842880   -0.223229619015
              H     -0.487309992296    0.847254789072   -0.268806366882
              H     -0.482468578003   -0.839152801623   -0.264795907878
$End
$SCF_Energy
   &GeometryIndex 1
   &ListStatus       OUT
   &SCF_ENERGY [&Type "Double"]      -5.4532470819635421e+01
$End
$DFT_Energy
   &GeometryIndex 1
   &ListStatus       OUT
   &NALPHAEL [&Type "Integer"] 5
   &NBETAEL [&Type "Integer"] 5
   &NTOTALEL [&Type "Integer"] 10
   &EEXCHANGE [&Type "Double"]      -6.8140175221314880e+00
   &ECORR [&Type "Double"]      -4.0812141381982503e-01
   &ECNL [&Type "Double"]       0.0000000000000000e+00
   &EXC [&Type "Double"]      -7.2221389359513131e+00
   &EEMBED [&Type "Double"]       0.0000000000000000e+00
   &FINALEN [&Type "Double"]      -5.4532470819635421e+01  "No Van der Waals correction"
$End
$Mulliken_Population_Analysis
   &GeometryIndex 1
   &ListStatus       OUT
   &NATOMS [&Type "Integer"] 4
   &ATNO [&Type "ArrayOfIntegers", &Dim (4,1)] 
                                                         0

0                                                        7
1                                                        1
2                                                        1
3                                                        1
   &ATOMICCHARGES [&Type "ArrayOfDoubles", &Dim (4,1)] 
                                                         0

0                                      9.4860471998431350e-01
1                                     -3.8886896046849251e-01
2                                     -2.7474512089808134e-01
3                                     -2.8499063861772544e-01
$End
$Loewdin_Population_Analysis
   &GeometryIndex 1
   &ListStatus       OUT
   &NATOMS [&Type "Integer"] 4
   &ATNO [&Type "ArrayOfIntegers", &Dim (4,1)] 
                                                         0

0                                                        7
1                                                        1
2                                                        1
3                                                        1
   &ATOMICCHARGES [&Type "ArrayOfDoubles", &Dim (4,1)] 
                                                         0

0                                      4.1609621019823173e-01
1                                     -2.0165368017712715e-01
2                                     -1.0328314719884957e-01
3                                     -1.1115938282225191e-01
$End
$Mayer_Population_Analysis
   &GeometryIndex 1
   &ListStatus       OUT
   &NATOMS [&Type "Integer"] 4 "Total number of atoms"
   &BONDTHRESH [&Type "Double"]       1.0000000000000001e-01  "The threshold for printing"
   &NBONDORDERSPRINT [&Type "Integer"] 6 "The number of bond orders larger than threshold"
   &BONDORDERS [&Type "ArrayOfDoubles", &Dim (6,1)] "The bond orders"
                                                         0

0                                      1.8561271614901295e-01
1                                      3.8183149071458961e-01
2                                      3.6703221004536085e-01
3                                      2.6185287767255588e-01
4                                      2.6578039309212870e-01
5                                      2.2478233722535526e-01
   &COMPONENTS [&Type "ArrayOfIntegers", &Dim (6,4)] "The indices and atomic numbers of the bonding atoms"
                                                         0                           1                           2                           3

0                                                        0                           7                           1                           1
1                                                        0                           7                           2                           1
2                                                        0                           7                           3                           1
3                                                        1                           1                           2                           1
4                                                        1                           1                           3                           1
5                                                        2                           1                           3                           1
   &ATNO [&Type "ArrayOfIntegers", &Dim (4,1)] "Atomic number of the elements"
                                                         0

0                                                        7
1                                                        1
2                                                        1
3                                                        1
   &NA [&Type "ArrayOfDoubles", &Dim (4,1)] "Mulliken gross atomic population"
                                                         0

0                                      6.0513952800156829e+00
1                                      1.3888689604684925e+00
2                                      1.2747451208980829e+00
3                                      1.2849906386177248e+00
   &ZA [&Type "ArrayOfDoubles", &Dim (4,1)] "Total nuclear charge"
                                                         0

0                                      7.0000000000000000e+00
1                                      1.0000000000000000e+00
2                                      1.0000000000000000e+00
3                                      1.0000000000000000e+00
   &QA [&Type "ArrayOfDoubles", &Dim (4,1)] "Mulliken gross atomic charge"
                                                         0

0                                      9.4860471998431706e-01
1                                     -3.8886896046849251e-01
2                                     -2.7474512089808290e-01
3                                     -2.8499063861772478e-01
   &VA [&Type "ArrayOfDoubles", &Dim (4,1)] "Mayer's total valence"
                                                         0

0                                      9.3447641690896099e-01
1                                      7.1324598691370733e-01
2                                      8.6846670561250738e-01
3                                      8.5759494036284967e-01
   &BVA [&Type "ArrayOfDoubles", &Dim (4,1)] "Mayer's bonded valence"
                                                         0

0                                      9.3447641690896344e-01
1                                      7.1324598691369756e-01
2                                      8.6846670561250072e-01
3                                      8.5759494036284478e-01
   &FA [&Type "ArrayOfDoubles", &Dim (4,1)] "Mayer's free valence"
                                                         0

0                                      0.0000000000000000e+00
1                                      0.0000000000000000e+00
2                                      0.0000000000000000e+00
3                                      0.0000000000000000e+00
$End
$SCF_Nuc_Gradient
   &GeometryIndex 1
   &ListStatus       OUT
   &NATOMS [&Type "Integer"] 4
   &ROOT [&Type "Integer"] 0
   &GRADNORM [&Type "Double"]       5.3536564134483378e+00
   &GRAD [&Type "ArrayOfDoubles", &Dim (12,1)] 
                                                         0

0                                      9.9495430079175484e-01
1                                     -6.3942499153212595e-02
2                                     -2.8658520474421074e+00
3                                     -2.9682091690032033e+00
4                                     -6.7112060547545524e-05
5                                      1.2448827424027056e+00
6                                      9.6809246178419139e-01
7                                     -1.6754231775613306e+00
8                                      7.9446682863004914e-01
9                                      1.0051624063755651e+00
10                                     1.7394327887665708e+00
11                                     8.2650247651298769e-01
$End
$SCF_Dipole_Moment
   &GeometryIndex 1
   &ListStatus       OUT
   &METHOD [&Type "String"] "SCF"
   &LEVEL [&Type "String"] "Relaxed density"
   &MULT [&Type "Integer"] 1
   &STATE [&Type "Integer"] -1
   &IRREP [&Type "Integer"] 0
   &NATOMS [&Type "Integer"] 4
   &DODIPOLEATOM [&Type "Boolean"] false
   &DIPOLEELECCONTRIB [&Type "ArrayOfDoubles", &Dim (3,1)] "Electronic contribution"
                                                         0

0                                      3.0515642356277458e-02
1                                     -2.4644422409977242e-03
2                                     -2.2905797744060660e-01
   &DIPOLENUCCONTRIB [&Type "ArrayOfDoubles", &Dim (3,1)] "Nuclear contribution"
                                                         0

0                                     -4.3021591645104329e-02
1                                      3.4307262650210557e-03
2                                     -5.0013896024569293e-01
   &DIPOLETOTAL [&Type "ArrayOfDoubles", &Dim (3,1)] "Total"
                                                         0

0                                     -1.2505949288826871e-02
1                                      9.6628402402333148e-04
2                                     -7.2919693768629956e-01
   &DIPOLEMAGNITUDE [&Type "Double", &Units "a.u."]       7.2930481035264461e-01
$End
$SCF_Polarizability
   &GeometryIndex 1
   &ListStatus       OUT
   &METHOD [&Type "String"] "SCF"
   &LEVEL [&Type "String"] "Relaxed density"
   &MULT [&Type "Integer"] 1
   &STATE [&Type "Integer"] -1
   &IRREP [&Type "Integer"] 0
   &NATOMS [&Type "Integer"] 4
   &DODIPOLEATOM [&Type "Boolean"] false
   &RAWCARTESIAN [&Type "ArrayOfDoubles", &Units "a.u", &Dim (3,3)] 
                                                         0                           1                           2

0                                      3.3673278602154939e+00        -6.7208442822791967e-03         1.1729692316624919e-01
1                                     -6.7208442822791967e-03         3.5244504277761832e+00        -1.0032613754185710e-02
2                                      1.1729692316624919e-01        -1.0032613754185710e-02         3.7768437914520794e+00
   &DIAGONALIZEDTENSOR [&Type "ArrayOfDoubles", &Dim (3,1)] 
                                                         0

0                                      3.3360289747830523e+00
1                                      3.5240724268168986e+00
2                                      3.8085206778438048e+00
   &ORIENTATION [&Type "ArrayOfDoubles", &Dim (3,3)] 
                                                         0                           1                           2

0                                     -9.6628171178456224e-01        -9.7698808590525286e-03         2.5730177399057169e-01
1                                     -2.0801255551930242e-02         9.9897566093270340e-01        -4.0186274168323988e-02
2                                      2.5664559462059477e-01         4.4183461748354726e-02         9.6549513746562832e-01
   &ISOTROPICPOLAR [&Type "Double"]       3.5562073598145849e+00
$End
$THERMOCHEMISTRY_Energies
   &GeometryIndex 1
   &ListStatus       OUT
   &TEMPERATURE [&Type "Double"]       2.9814999999999998e+02
   &PRESSURE [&Type "Double"]       1.0000000000000000e+00
   &TOTALMASS [&Type "Double"]       1.7030999999999999e+01
   &SPINDEGENERACY [&Type "Integer"] 1
   &ELENERGY [&Type "Double"]      -5.4532470819635421e+01
   &TRANSENERGY [&Type "Double"]       1.4162714244859817e-03
   &ROTENERGY [&Type "Double"]       1.4162714244859817e-03
   &VIBENERGY [&Type "Double"]       7.6699076213091254e-32
   &NUMOFFREQS [&Type "Integer"] 12
   &FREQSCALINGFACTOR [&Type "Double"]       1.0000000000000000e+00
   &FREQ [&Type "ArrayOfDoubles", &Dim (12,1)] "In cm^-1"
                                                         0

0                                      0.0000000000000000e+00
1                                      0.0000000000000000e+00
2                                      0.0000000000000000e+00
3                                      0.0000000000000000e+00
4                                      0.0000000000000000e+00
5                                      0.0000000000000000e+00
6                                     -8.4359387277416699e+03
7                                     -8.1608952257659930e+03
8                                     -6.6844942138668930e+03
9                                      1.4296378562969880e+04
10                                     1.4836456617453676e+04
11                                     1.8045739774679772e+04
   &ZPE [&Type "Double"]       1.0748070227042299e-01
   &INNERENERGYU [&Type "Double"]      -5.4422157574516021e+01
   &ENTHALPYH [&Type "Double"]      -5.4421213365473761e+01
   &QEL [&Type "Double"]       0.0000000000000000e+00
   &QROT [&Type "Double"]       4.6981619030041256e-03
   &QVIB [&Type "Double"]      -5.4709012021788833e-12
   &QTRANS [&Type "Double"]       1.6364250539629886e-02
   &ENTROPYS [&Type "Double"]       2.1062412437163110e-02
   &FREEENERGYG [&Type "Double"]      -5.4442275777910922e+01
   &ISLINEAR [&Type "Boolean"] false
$End
$Hessian
   &GeometryIndex 1
   &ListStatus       OUT
   &HESSIAN [&Type "ArrayOfDoubles", &Dim (12,12)] "The Hessian"
                                                         0                           1                           2                           3                           4                           5                           6                           7

0                                      9.8310889443341249e+00         1.3625251675891348e-01        -1.9732425324818972e+00        -9.2475743193261035e+00         2.0847174647018176e-03         5.5961231180413646e+00        -2.9694055800626157e-01         3.3176451623012699e+00
1                                      1.3625251675891348e-01         5.4065551551672222e+00         1.2230145544549176e-01        -2.1795218422124216e-03         2.9580512353845374e+00        -1.9300646021685412e-04         3.2803136568752356e+00        -4.1089637535673491e+00
2                                     -1.9732425324818972e+00         1.2230145544549176e-01        -1.4647416818444097e+00         5.2602332417202895e+00        -2.1788862001691015e-03         8.1359623203969911e-01        -1.6099929952096503e+00         2.8211168931531883e+00
3                                     -9.2475743193261035e+00        -2.1795218422124216e-03         5.2602332417202895e+00         9.2233867905098705e+00         2.3346646539559868e-04        -5.3991525724112854e+00         1.1839383819277571e-02        -9.6394628276945754e-02
4                                      2.0847174647018176e-03         2.9580512353845374e+00        -2.1788862001691015e-03         2.3346646539559868e-04        -3.0533360163296837e+00         7.0428137074981731e-04         1.5931975768918133e-01         4.7144608841880070e-02
5                                      5.5961231180413646e+00        -1.9300646021685412e-04         8.1359623203969911e-01        -5.3991525724112854e+00         7.0428137074981731e-04        -9.0931993963335422e-01        -9.7530523759078613e-02         1.8779563198615873e-02
6                                     -2.9694055800626157e-01         3.2803136568752356e+00        -1.6099929952096503e+00         1.1839383819277571e-02         1.5931975768918133e-01        -9.7530523759078613e-02         2.2791943706931059e-01        -3.3305615238152355e+00
7                                      3.3176451623012699e+00        -4.1089637535673491e+00         2.8211168931531883e+00        -9.6394628276945754e-02         4.7144608841880070e-02         1.8779563198615873e-02        -3.3305615238152355e+00         4.0730118633920540e+00
8                                     -1.7762517367311901e+00         3.0705987704014097e+00         3.0981380358408278e-01         6.8779029853387200e-02        -7.4230843798413465e-02         4.7508220016536054e-02         1.6801887519104322e+00        -2.9181280278859658e+00
9                                     -2.8657406700176064e-01        -3.4143788270564350e+00        -1.6769406764117796e+00         1.2348144996955468e-02        -1.6164337289204705e-01        -9.9407583467205726e-02         5.7181737117673409e-02         1.0943451121637530e-01
10                                    -3.4559902212603868e+00        -4.2556426369844109e+00        -2.9412366288944178e+00         9.8346114926530892e-02         4.8140172103266238e-02        -1.9293114720490279e-02        -1.0919541217464537e-01        -1.1192718666585444e-02
11                                    -1.8466858864452396e+00        -3.1927100528907779e+00         3.4133164622062773e-01         7.0107862433813922e-02         7.5707725239174184e-02         4.8215487577119021e-02         2.7378233242940517e-02         7.8267564378492457e-02
                                                         8                           9                          10                          11

0                                     -1.7762517367311901e+00        -2.8657406700176064e-01        -3.4559902212603868e+00        -1.8466858864452396e+00
1                                      3.0705987704014097e+00        -3.4143788270564350e+00        -4.2556426369844109e+00        -3.1927100528907779e+00
2                                      3.0981380358408278e-01        -1.6769406764117796e+00        -2.9412366288944178e+00         3.4133164622062773e-01
3                                      6.8779029853387200e-02         1.2348144996955468e-02         9.8346114926530892e-02         7.0107862433813922e-02
4                                     -7.4230843798413465e-02        -1.6164337289204705e-01         4.8140172103266238e-02         7.5707725239174184e-02
5                                      4.7508220016536054e-02        -9.9407583467205726e-02        -1.9293114720490279e-02         4.8215487577119021e-02
6                                      1.6801887519104322e+00         5.7181737117673409e-02        -1.0919541217464537e-01         2.7378233242940517e-02
7                                     -2.9181280278859658e+00         1.0943451121637530e-01        -1.1192718666585444e-02         7.8267564378492457e-02
8                                     -3.9946717909619650e-01         2.7240488782727203e-02        -7.8275891561361138e-02         4.2145155495577687e-02
9                                      2.7240488782727203e-02         2.1704418488713176e-01         3.4667136036203043e+00         1.7491537809323718e+00
10                                    -7.8275891561361138e-02         3.4667136036203043e+00         4.2186951835477302e+00         3.0387701992246905e+00
11                                     4.2145155495577687e-02         1.7491537809323718e+00         3.0387701992246905e+00        -4.3169228929332443e-01
   &MODES [&Type "ArrayOfDoubles", &Dim (12,12)] "The modes of vibrations"
                                                         0                           1                           2                           3                           4                           5                           6                           7

0                                      0.0000000000000000e+00         0.0000000000000000e+00         0.0000000000000000e+00         0.0000000000000000e+00         0.0000000000000000e+00         0.0000000000000000e+00        -1.1708542066970733e-02         4.1399959386237563e-04
1                                      0.0000000000000000e+00         0.0000000000000000e+00         0.0000000000000000e+00         0.0000000000000000e+00         0.0000000000000000e+00         0.0000000000000000e+00         3.8340761682642919e-03        -6.3851548696003624e-02
2                                      0.0000000000000000e+00         0.0000000000000000e+00         0.0000000000000000e+00         0.0000000000000000e+00         0.0000000000000000e+00         0.0000000000000000e+00         9.9035248365147197e-02         6.6612006264506135e-03
3                                      0.0000000000000000e+00         0.0000000000000000e+00         0.0000000000000000e+00         0.0000000000000000e+00         0.0000000000000000e+00         0.0000000000000000e+00        -2.8679864395396859e-01        -1.6897879296072501e-02
4                                      0.0000000000000000e+00         0.0000000000000000e+00         0.0000000000000000e+00         0.0000000000000000e+00         0.0000000000000000e+00         0.0000000000000000e+00        -4.6954475779023390e-02         7.6471873829771808e-01
5                                      0.0000000000000000e+00         0.0000000000000000e+00         0.0000000000000000e+00         0.0000000000000000e+00         0.0000000000000000e+00         0.0000000000000000e+00        -5.5430422214312347e-01        -3.3786532290296788e-02
6                                      0.0000000000000000e+00         0.0000000000000000e+00         0.0000000000000000e+00         0.0000000000000000e+00         0.0000000000000000e+00         0.0000000000000000e+00         2.0157930510057445e-01         3.6390020536491663e-01
7                                      0.0000000000000000e+00         0.0000000000000000e+00         0.0000000000000000e+00         0.0000000000000000e+00         0.0000000000000000e+00         0.0000000000000000e+00        -1.0727594016339347e-01         4.7718842292436829e-02
8                                      0.0000000000000000e+00         0.0000000000000000e+00         0.0000000000000000e+00         0.0000000000000000e+00         0.0000000000000000e+00         0.0000000000000000e+00        -3.9649057964057050e-01        -2.3200254932244352e-01
9                                      0.0000000000000000e+00         0.0000000000000000e+00         0.0000000000000000e+00         0.0000000000000000e+00         0.0000000000000000e+00         0.0000000000000000e+00         2.4791928799234167e-01        -3.5275519542522338e-01
10                                     0.0000000000000000e+00         0.0000000000000000e+00         0.0000000000000000e+00         0.0000000000000000e+00         0.0000000000000000e+00         0.0000000000000000e+00         1.0095273252091098e-01         7.4832898164729267e-02
11                                     0.0000000000000000e+00         0.0000000000000000e+00         0.0000000000000000e+00         0.0000000000000000e+00         0.0000000000000000e+00         0.0000000000000000e+00        -4.2538250362366431e-01         1.7322614790768712e-01
                                                         8                           9                          10                          11

0                                     -5.9348752959302961e-02        -3.6702331785272872e-02         9.6937176390962856e-03        -6.6285595389338051e-02
1                                     -8.9900161171155562e-04         1.9839483568074211e-02         7.3089808661453509e-02        -3.5112351490207508e-04
2                                     -2.4940509921225349e-02        -3.8725391261940349e-02         1.0692712754530782e-02         2.3756755811260931e-02
3                                     -1.0099789156930257e-01        -9.3566533734945362e-02         2.9450775541338747e-02         8.7977797997161644e-01
4                                      1.4393783653234000e-02         4.6319743968219916e-03         1.5816445320267325e-02         5.0006395915057278e-05
5                                     -1.3621872914237512e-01         3.1108291674734063e-02        -1.0377046331294546e-02        -3.7785204396445116e-01
6                                      4.6728160326164764e-01         3.8510950428427182e-01         2.2380658329936290e-01         1.9322140802619320e-02
7                                      4.2355435632591926e-01        -6.7112010780615816e-01        -3.7187612728896924e-01        -4.4337826896928119e-02
8                                      2.3641909934422639e-01         3.2277448360354433e-01         1.8605798308836427e-01         2.2635130837691364e-02
9                                      4.5841666797130248e-01         2.1846651488352806e-01        -3.8795964353397705e-01         2.1993465156774476e-02
10                                    -4.2545576341641145e-01         3.9080197632797176e-01        -6.5958411755607915e-01         4.9166974343506635e-02
11                                     2.4636879891184266e-01         1.8423880746576785e-01        -3.2426509107523710e-01         2.5096993832779604e-02
$End
