
$orca_hessian_file

$act_atom
  0

$act_coord
  0

$act_energy
        0.000000

$multiplicity
  1

$hessian
12
                    0                  1                  2                  3                  4        
    0      9.8310889443E+00   1.3625251676E-01  -1.9732425325E+00  -9.2475743193E+00   2.0847174647E-03
    1      1.3625251676E-01   5.4065551552E+00   1.2230145545E-01  -2.1795218422E-03   2.9580512354E+00
    2     -1.9732425325E+00   1.2230145545E-01  -1.4647416818E+00   5.2602332417E+00  -2.1788862002E-03
    3     -9.2475743193E+00  -2.1795218422E-03   5.2602332417E+00   9.2233867905E+00   2.3346646540E-04
    4      2.0847174647E-03   2.9580512354E+00  -2.1788862002E-03   2.3346646540E-04  -3.0533360163E+00
    5      5.5961231180E+00  -1.9300646022E-04   8.1359623204E-01  -5.3991525724E+00   7.0428137075E-04
    6     -2.9694055801E-01   3.2803136569E+00  -1.6099929952E+00   1.1839383819E-02   1.5931975769E-01
    7      3.3176451623E+00  -4.1089637536E+00   2.8211168932E+00  -9.6394628277E-02   4.7144608842E-02
    8     -1.7762517367E+00   3.0705987704E+00   3.0981380358E-01   6.8779029853E-02  -7.4230843798E-02
    9     -2.8657406700E-01  -3.4143788271E+00  -1.6769406764E+00   1.2348144997E-02  -1.6164337289E-01
   10     -3.4559902213E+00  -4.2556426370E+00  -2.9412366289E+00   9.8346114927E-02   4.8140172103E-02
   11     -1.8466858864E+00  -3.1927100529E+00   3.4133164622E-01   7.0107862434E-02   7.5707725239E-02
                    5                  6                  7                  8                  9        
    0      5.5961231180E+00  -2.9694055801E-01   3.3176451623E+00  -1.7762517367E+00  -2.8657406700E-01
    1     -1.9300646022E-04   3.2803136569E+00  -4.1089637536E+00   3.0705987704E+00  -3.4143788271E+00
    2      8.1359623204E-01  -1.6099929952E+00   2.8211168932E+00   3.0981380358E-01  -1.6769406764E+00
    3     -5.3991525724E+00   1.1839383819E-02  -9.6394628277E-02   6.8779029853E-02   1.2348144997E-02
    4      7.0428137075E-04   1.5931975769E-01   4.7144608842E-02  -7.4230843798E-02  -1.6164337289E-01
    5     -9.0931993963E-01  -9.7530523759E-02   1.8779563199E-02   4.7508220017E-02  -9.9407583467E-02
    6     -9.7530523759E-02   2.2791943707E-01  -3.3305615238E+00   1.6801887519E+00   5.7181737118E-02
    7      1.8779563199E-02  -3.3305615238E+00   4.0730118634E+00  -2.9181280279E+00   1.0943451122E-01
    8      4.7508220017E-02   1.6801887519E+00  -2.9181280279E+00  -3.9946717910E-01   2.7240488783E-02
    9     -9.9407583467E-02   5.7181737118E-02   1.0943451122E-01   2.7240488783E-02   2.1704418489E-01
   10     -1.9293114720E-02  -1.0919541217E-01  -1.1192718667E-02  -7.8275891561E-02   3.4667136036E+00
   11      4.8215487577E-02   2.7378233243E-02   7.8267564378E-02   4.2145155496E-02   1.7491537809E+00
                   10                 11        
     0     -3.4559902213E+00  -1.8466858864E+00
     1     -4.2556426370E+00  -3.1927100529E+00
     2     -2.9412366289E+00   3.4133164622E-01
     3      9.8346114927E-02   7.0107862434E-02
     4      4.8140172103E-02   7.5707725239E-02
     5     -1.9293114720E-02   4.8215487577E-02
     6     -1.0919541217E-01   2.7378233243E-02
     7     -1.1192718667E-02   7.8267564378E-02
     8     -7.8275891561E-02   4.2145155496E-02
     9      3.4667136036E+00   1.7491537809E+00
    10      4.2186951835E+00   3.0387701992E+00
    11      3.0387701992E+00  -4.3169228929E-01

$vibrational_frequencies
12
    0        0.0000000000000000
    1        0.0000000000000000
    2        0.0000000000000000
    3        0.0000000000000000
    4        0.0000000000000000
    5        0.0000000000000000
    6    -8435.9387277416699362
    7    -8160.8952257659930183
    8    -6684.4942138668930056
    9    14296.3785629698795674
   10    14836.4566174536757899
   11    18045.7397746797723812

$normal_modes
12 12
                    0                  1                  2                  3                  4        
    0      0.0000000000E+00   0.0000000000E+00   0.0000000000E+00   0.0000000000E+00   0.0000000000E+00
    1      0.0000000000E+00   0.0000000000E+00   0.0000000000E+00   0.0000000000E+00   0.0000000000E+00
    2      0.0000000000E+00   0.0000000000E+00   0.0000000000E+00   0.0000000000E+00   0.0000000000E+00
    3      0.0000000000E+00   0.0000000000E+00   0.0000000000E+00   0.0000000000E+00   0.0000000000E+00
    4      0.0000000000E+00   0.0000000000E+00   0.0000000000E+00   0.0000000000E+00   0.0000000000E+00
    5      0.0000000000E+00   0.0000000000E+00   0.0000000000E+00   0.0000000000E+00   0.0000000000E+00
    6      0.0000000000E+00   0.0000000000E+00   0.0000000000E+00   0.0000000000E+00   0.0000000000E+00
    7      0.0000000000E+00   0.0000000000E+00   0.0000000000E+00   0.0000000000E+00   0.0000000000E+00
    8      0.0000000000E+00   0.0000000000E+00   0.0000000000E+00   0.0000000000E+00   0.0000000000E+00
    9      0.0000000000E+00   0.0000000000E+00   0.0000000000E+00   0.0000000000E+00   0.0000000000E+00
   10      0.0000000000E+00   0.0000000000E+00   0.0000000000E+00   0.0000000000E+00   0.0000000000E+00
   11      0.0000000000E+00   0.0000000000E+00   0.0000000000E+00   0.0000000000E+00   0.0000000000E+00
                    5                  6                  7                  8                  9        
    0      0.0000000000E+00  -1.2599127805E-02   4.2725519771E-04  -6.1258912397E-02  -3.7650312491E-02
    1      0.0000000000E+00   4.1257071447E-03  -6.5895973008E-02  -9.2793627887E-04   2.0351915523E-02
    2      0.0000000000E+00   1.0656815718E-01   6.8744816006E-03  -2.5743228564E-02  -3.9725625361E-02
    3      0.0000000000E+00  -3.0861338234E-01  -1.7438922324E-02  -1.0424854244E-01  -9.5983253992E-02
    4      0.0000000000E+00  -5.0525969671E-02   7.8920380737E-01   1.4857052388E-02   4.7516131812E-03
    5      0.0000000000E+00  -5.9646621226E-01  -3.4868322935E-02  -1.4060297444E-01   3.1911784501E-02
    6      0.0000000000E+00   2.1691201290E-01   3.7555170704E-01   4.8232121774E-01   3.9505645757E-01
    7      0.0000000000E+00  -1.1543565995E-01   4.9246723186E-02   4.3718659476E-01  -6.8845439919E-01
    8      0.0000000000E+00  -4.2664880546E-01  -2.3943089933E-01   2.4402832703E-01   3.3111139213E-01
    9      0.0000000000E+00   2.6677674957E-01  -3.6404985174E-01   4.7317096155E-01   2.2410926375E-01
   10      0.0000000000E+00   1.0863149076E-01   7.7228927696E-02  -4.3914919927E-01   4.0089595988E-01
   11      0.0000000000E+00  -4.5773833315E-01   1.7877257169E-01   2.5429826100E-01   1.8899749244E-01
                   10                 11        
     0      1.0103729985E-02  -6.8804456605E-02
     1      7.6181266966E-02  -3.6446625397E-04
     2      1.1144979305E-02   2.4659515611E-02
     3      3.0696446399E-02   9.1320965723E-01
     4      1.6485428892E-02   5.1906645441E-05
     5     -1.0815961231E-02  -3.9221047060E-01
     6      2.3327286503E-01   2.0056384657E-02
     7     -3.8760526331E-01  -4.6022670065E-02
     8      1.9392762330E-01   2.3495268743E-02
     9     -4.0436905935E-01   2.2829219683E-02
    10     -6.8748235447E-01   5.1035325741E-02
    11     -3.3798043699E-01   2.6050682851E-02

#
# The atoms: label  mass x y z (in bohrs)
#
$atoms
4
 N     14.00700      0.006238780662    -0.000497507132     0.072527704205
 H      1.00800      0.874435615661    -0.000500132340    -0.306896617650
 H      1.00800     -0.482985043115     0.846910499612    -0.352473365517
 H      1.00800     -0.478143628822    -0.839497091083    -0.348462906513

$actual_temperature
  0.000000

$frequency_scale_factor
  1.000000

$dipole_derivatives
12
   -8.3371417567E-01   -5.2859780904E-04   -3.3008730276E-02
   -5.7700079205E-04   -8.1549609042E-01    2.7258328931E-03
   -3.0534751759E-02    2.0079598265E-03   -1.1146678875E+00
    2.5079439490E-01   -3.3283452294E-04    2.5068973679E-01
    7.1170358310E-04    3.2365828478E-01   -1.8107696733E-04
    2.9646607995E-01   -1.5863373165E-04    3.8863855411E-01
    2.9087699668E-01    3.2473840387E-02   -1.0817889599E-01
    3.9438158882E-02    2.4529689823E-01    1.9147138621E-01
   -1.3254524580E-01    2.3504395611E-01    3.6195639946E-01
    2.9203909474E-01   -3.1609485335E-02   -1.0944042729E-01
   -3.9579265722E-02    2.4643710786E-01   -1.9401751694E-01
   -1.3342770011E-01   -2.3689520180E-01    3.6398823777E-01

#
# The IR spectrum
#  wavenumber eps Int TX TY TZ
#
$ir_spectrum
12
      0.00   0.00000000   0.00000000     0.000000     0.000000     0.000000
      0.00   0.00000000   0.00000000     0.000000     0.000000     0.000000
      0.00   0.00000000   0.00000000     0.000000     0.000000     0.000000
      0.00   0.00000000   0.00000000     0.000000     0.000000     0.000000
      0.00   0.00000000   0.00000000     0.000000     0.000000     0.000000
      0.00   0.00000000   0.00000000     0.000000     0.000000     0.000000
  -8435.94   0.00000000   0.00000000     0.000000     0.000000     0.000000
  -8160.90   0.00000000   0.00000000     0.000000     0.000000     0.000000
  -6684.49   0.00000000   0.00000000     0.000000     0.000000     0.000000
  14296.38   0.00229761  11.61119886     0.005454    -0.002933    -0.003435
  14836.46   0.00559822  28.29112302    -0.001419    -0.010712     0.000996
  18045.74   0.00563936  28.49899519     0.009539     0.000040     0.002554


$end

