*************************************************
******************* ORCA 6.0.1 ******************
*************************************************
$Calculation_Status
   &GeometryIndex 1
   &ListStatus       OUT
   &VERSION [&Type "String"] "6.0.1"
   &PROGNAME [&Type "String"] "LeanSCF"
   &STATUS [&Type "String"] "NORMAL TERMINATION"
$End
$Geometry
   &GeometryIndex 1
   &ListStatus       OUT
   &NATOMS [&Type "Integer"] 4
   &NCORELESSECP [&Type "Integer"] 0
   &NGHOSTATOMS [&Type "Integer"] 0
   &CartesianCoordinates [&Type "Coordinates", &Dim(4,4), &Units "Bohr"] 
              N     -0.001933426807    0.000153238081    0.156170630752
              H      1.005501324234    0.000155799416   -0.280898717421
              H     -0.450486237240    0.777087976485   -0.235312127671
              H     -0.455327588038   -0.785189941069   -0.239322600659
$End
$SCF_Energy
   &GeometryIndex 1
   &ListStatus       OUT
   &SCF_ENERGY [&Type "Double"]      -5.4525213565398523e+01
$End
$DFT_Energy
   &GeometryIndex 1
   &ListStatus       OUT
   &NALPHAEL [&Type "Integer"] 5
   &NBETAEL [&Type "Integer"] 5
   &NTOTALEL [&Type "Integer"] 10
   &EEXCHANGE [&Type "Double"]      -6.8158226759685059e+00
   &ECORR [&Type "Double"]      -4.0818262943084110e-01
   &ECNL [&Type "Double"]       0.0000000000000000e+00
   &EXC [&Type "Double"]      -7.2240053053993467e+00
   &EEMBED [&Type "Double"]       0.0000000000000000e+00
   &FINALEN [&Type "Double"]      -5.4525213565398523e+01  "No Van der Waals correction"
$End
$Mulliken_Population_Analysis
   &GeometryIndex 1
   &ListStatus       OUT
   &NATOMS [&Type "Integer"] 4
   &ATNO [&Type "ArrayOfIntegers", &Dim (4,1)] 
                                                         0

0                                                        7
1                                                        1
2                                                        1
3                                                        1
   &ATOMICCHARGES [&Type "ArrayOfDoubles", &Dim (4,1)] 
                                                         0

0                                      9.5283910574313158e-01
1                                     -2.4380567186190549e-01
2                                     -3.5949837266749363e-01
3                                     -3.4953506121374134e-01
$End
$Loewdin_Population_Analysis
   &GeometryIndex 1
   &ListStatus       OUT
   &NATOMS [&Type "Integer"] 4
   &ATNO [&Type "ArrayOfIntegers", &Dim (4,1)] 
                                                         0

0                                                        7
1                                                        1
2                                                        1
3                                                        1
   &ATOMICCHARGES [&Type "ArrayOfDoubles", &Dim (4,1)] 
                                                         0

0                                      4.1751085118243658e-01
1                                     -7.9975299092833296e-02
2                                     -1.7326061046593466e-01
3                                     -1.6427494162365353e-01
$End
$Mayer_Population_Analysis
   &GeometryIndex 1
   &ListStatus       OUT
   &NATOMS [&Type "Integer"] 4 "Total number of atoms"
   &BONDTHRESH [&Type "Double"]       1.0000000000000001e-01  "The threshold for printing"
   &NBONDORDERSPRINT [&Type "Integer"] 6 "The number of bond orders larger than threshold"
   &BONDORDERS [&Type "ArrayOfDoubles", &Dim (6,1)] "The bond orders"
                                                         0

0                                      4.2017258099694010e-01
1                                      2.3891422913116303e-01
2                                      2.5734631719415657e-01
3                                      2.4006606143130502e-01
4                                      2.3655286589804267e-01
5                                      2.8005551802036699e-01
   &COMPONENTS [&Type "ArrayOfIntegers", &Dim (6,4)] "The indices and atomic numbers of the bonding atoms"
                                                         0                           1                           2                           3

0                                                        0                           7                           1                           1
1                                                        0                           7                           2                           1
2                                                        0                           7                           3                           1
3                                                        1                           1                           2                           1
4                                                        1                           1                           3                           1
5                                                        2                           1                           3                           1
   &ATNO [&Type "ArrayOfIntegers", &Dim (4,1)] "Atomic number of the elements"
                                                         0

0                                                        7
1                                                        1
2                                                        1
3                                                        1
   &NA [&Type "ArrayOfDoubles", &Dim (4,1)] "Mulliken gross atomic population"
                                                         0

0                                      6.0471608942568666e+00
1                                      1.2438056718619050e+00
2                                      1.3594983726674919e+00
3                                      1.3495350612137416e+00
   &ZA [&Type "ArrayOfDoubles", &Dim (4,1)] "Total nuclear charge"
                                                         0

0                                      7.0000000000000000e+00
1                                      1.0000000000000000e+00
2                                      1.0000000000000000e+00
3                                      1.0000000000000000e+00
   &QA [&Type "ArrayOfDoubles", &Dim (4,1)] "Mulliken gross atomic charge"
                                                         0

0                                      9.5283910574313335e-01
1                                     -2.4380567186190505e-01
2                                     -3.5949837266749185e-01
3                                     -3.4953506121374156e-01
   &VA [&Type "ArrayOfDoubles", &Dim (4,1)] "Mayer's total valence"
                                                         0

0                                      9.1643312732225457e-01
1                                      8.9679150832628607e-01
2                                      7.5903580858282915e-01
3                                      7.7395470111256570e-01
   &BVA [&Type "ArrayOfDoubles", &Dim (4,1)] "Mayer's bonded valence"
                                                         0

0                                      9.1643312732225968e-01
1                                      8.9679150832628785e-01
2                                      7.5903580858283504e-01
3                                      7.7395470111256626e-01
   &FA [&Type "ArrayOfDoubles", &Dim (4,1)] "Mayer's free valence"
                                                         0

0                                      0.0000000000000000e+00
1                                      0.0000000000000000e+00
2                                      0.0000000000000000e+00
3                                      0.0000000000000000e+00
$End
$SCF_Nuc_Gradient
   &GeometryIndex 1
   &ListStatus       OUT
   &NATOMS [&Type "Integer"] 4
   &ROOT [&Type "Integer"] 0
   &GRADNORM [&Type "Double"]       5.3311364118615199e+00
   &GRAD [&Type "ArrayOfDoubles", &Dim (12,1)] 
                                                         0

0                                     -8.7100592418755296e-01
1                                      8.4835895228410368e-02
2                                     -2.8753761238896760e+00
3                                     -1.7293578104967759e+00
4                                      6.5850846146326292e-05
5                                      7.0585000445246016e-01
6                                      1.3247442887348415e+00
7                                     -2.2961568031483575e+00
8                                      1.1061789848746015e+00
9                                      1.2756194460193957e+00
10                                     2.2112550570568699e+00
11                                     1.0633471347227712e+00
$End
$SCF_Dipole_Moment
   &GeometryIndex 1
   &ListStatus       OUT
   &METHOD [&Type "String"] "SCF"
   &LEVEL [&Type "String"] "Relaxed density"
   &MULT [&Type "Integer"] 1
   &STATE [&Type "Integer"] -1
   &IRREP [&Type "Integer"] 0
   &NATOMS [&Type "Integer"] 4
   &DODIPOLEATOM [&Type "Boolean"] false
   &DIPOLEELECCONTRIB [&Type "ArrayOfDoubles", &Dim (3,1)] "Electronic contribution"
                                                         0

0                                     -3.0733071947701269e-02
1                                      2.4139765547421099e-03
2                                     -2.3006538353944231e-01
   &DIPOLENUCCONTRIB [&Type "ArrayOfDoubles", &Dim (3,1)] "Nuclear contribution"
                                                         0

0                                      4.3053581964792698e-02
1                                     -3.4307596609405300e-03
2                                     -4.9957953992705817e-01
   &DIPOLETOTAL [&Type "ArrayOfDoubles", &Dim (3,1)] "Total"
                                                         0

0                                      1.2320510017091429e-02
1                                     -1.0167831061984201e-03
2                                     -7.2964492346650045e-01
   &DIPOLEMAGNITUDE [&Type "Double", &Units "a.u."]       7.2974964416257282e-01
$End
$SCF_Polarizability
   &GeometryIndex 1
   &ListStatus       OUT
   &METHOD [&Type "String"] "SCF"
   &LEVEL [&Type "String"] "Relaxed density"
   &MULT [&Type "Integer"] 1
   &STATE [&Type "Integer"] -1
   &IRREP [&Type "Integer"] 0
   &NATOMS [&Type "Integer"] 4
   &DODIPOLEATOM [&Type "Boolean"] false
   &RAWCARTESIAN [&Type "ArrayOfDoubles", &Units "a.u", &Dim (3,3)] 
                                                         0                           1                           2

0                                      3.5229525237821431e+00         6.0376074266410562e-03        -1.2431888764352962e-01
1                                      6.0376074266410562e-03         3.3610773590570835e+00         9.1595685654762681e-03
2                                     -1.2431888764352962e-01         9.1595685654762681e-03         3.7728496620922178e+00
   &DIAGONALIZEDTENSOR [&Type "ArrayOfDoubles", &Dim (3,1)] 
                                                         0

0                                      3.3602560271775586e+00
1                                      3.4723810971303957e+00
2                                      3.8242424206234884e+00
   &ORIENTATION [&Type "ArrayOfDoubles", &Dim (3,3)] 
                                                         0                           1                           2

0                                     -7.0008035025064835e-02        -9.2185227699369310e-01        -3.8116565222154097e-01
1                                      9.9660975466979884e-01        -8.1189745179544248e-02         1.3312481912999552e-02
2                                     -4.3218883938997719e-02        -3.7894142644902812e-01         9.2441090614068544e-01
   &ISOTROPICPOLAR [&Type "Double"]       3.5522931816438139e+00
$End
$THERMOCHEMISTRY_Energies
   &GeometryIndex 1
   &ListStatus       OUT
   &TEMPERATURE [&Type "Double"]       2.9814999999999998e+02
   &PRESSURE [&Type "Double"]       1.0000000000000000e+00
   &TOTALMASS [&Type "Double"]       1.7030999999999999e+01
   &SPINDEGENERACY [&Type "Integer"] 1
   &ELENERGY [&Type "Double"]      -5.4525213565398523e+01
   &TRANSENERGY [&Type "Double"]       1.4162714244859817e-03
   &ROTENERGY [&Type "Double"]       1.4162714244859817e-03
   &VIBENERGY [&Type "Double"]       1.7245511550901440e-30
   &NUMOFFREQS [&Type "Integer"] 12
   &FREQSCALINGFACTOR [&Type "Double"]       1.0000000000000000e+00
   &FREQ [&Type "ArrayOfDoubles", &Dim (12,1)] "In cm^-1"
                                                         0

0                                      0.0000000000000000e+00
1                                      0.0000000000000000e+00
2                                      0.0000000000000000e+00
3                                      0.0000000000000000e+00
4                                      0.0000000000000000e+00
5                                      0.0000000000000000e+00
6                                     -8.4296257976022571e+03
7                                     -7.8555247002720980e+03
8                                     -7.0131728168441086e+03
9                                      1.3626058963654510e+04
10                                     1.6538773834322383e+04
11                                     1.7114603942698923e+04
   &ZPE [&Type "Double"]       1.0771048232537159e-01
   &INNERENERGYU [&Type "Double"]      -5.4414670540224172e+01
   &ENTHALPYH [&Type "Double"]      -5.4413726331181913e+01
   &QEL [&Type "Double"]       0.0000000000000000e+00
   &QROT [&Type "Double"]       4.6939918240643782e-03
   &QVIB [&Type "Double"]      -5.4585293197139659e-12
   &QTRANS [&Type "Double"]       1.6364250539629886e-02
   &ENTROPYS [&Type "Double"]       2.1058242358235734e-02
   &FREEENERGYG [&Type "Double"]      -5.4434784573540149e+01
   &ISLINEAR [&Type "Boolean"] false
$End
$Hessian
   &GeometryIndex 1
   &ListStatus       OUT
   &HESSIAN [&Type "ArrayOfDoubles", &Dim (12,12)] "The Hessian"
                                                         0                           1                           2                           3                           4                           5                           6                           7

0                                      5.7514491462104083e+00        -1.9094278135975040e-01         1.6901218654197661e+00        -5.3921557398734805e+00        -1.8308772353794129e-03         3.1623628292147421e+00        -1.6905191510801193e-01         4.6348803779202763e+00
1                                     -1.9094278135975040e-01         9.5299550115241232e+00        -1.6982279634471231e-01         1.6013585314251246e-03         1.3662146826877040e+00        -3.9769423356876251e-04         4.6783032290034496e+00        -5.5478370796678211e+00
2                                      1.6901218654197661e+00        -1.6982279634471231e-01        -1.4615006290966339e+00         2.8718905880327088e+00         1.3875866620143040e-03         2.2493100183893999e-01        -2.3288491521635510e+00         3.9929922065188701e+00
3                                     -5.3921557398734805e+00         1.6013585314251246e-03         2.8718905880327088e+00         5.3779145909378769e+00        -4.4732959752297186e-05        -2.9876643835807264e+00         7.3488404320288248e-03        -8.6893982465567315e-02
4                                     -1.8308772353794129e-03         1.3662146826877040e+00         1.3875866620143040e-03        -4.4732959752297186e-05        -1.4528803711189842e+00        -3.0556195013148844e-04         1.4588646795529314e-01         4.3664167559402486e-02
5                                      3.1623628292147421e+00        -3.9769423356876251e-04         2.2493100183893999e-01        -2.9876643835807264e+00        -3.0556195013148844e-04        -3.1285254676674573e-01        -8.8164807684685265e-02         1.8813556615591483e-02
6                                     -1.6905191510801193e-01         4.6783032290034496e+00        -2.3288491521635510e+00         7.3488404320288248e-03         1.4588646795529314e-01        -8.8164807684685265e-02         9.1217593721711399e-02        -4.6860724476312665e+00
7                                      4.6348803779202763e+00        -5.5478370796678211e+00         3.9929922065188701e+00        -8.6893982465567315e-02         4.3664167559402486e-02         1.8813556615591483e-02        -4.6860724476312665e+00         5.5094514303811284e+00
8                                     -2.4757198585406219e+00         4.2878313675927231e+00         6.4313993318267215e-01         5.8395182634775597e-02        -6.7781818245312625e-02         4.4192240083632921e-02         2.3833215714784908e+00        -4.1161009669571076e+00
9                                     -1.9024149122891598e-01        -4.4889544057974531e+00        -2.2331011554974545e+00         6.8923085035741405e-03        -1.4400455224864400e-01        -8.6546087424458351e-02         7.0485480954271706e-02         1.3819641580308195e-01
10                                    -4.4421141197028176e+00        -5.3483326145440069e+00        -3.8245706345198864e+00         8.5331051382377066e-02         4.3001520871877710e-02        -1.8107199805133325e-02        -1.3822761295400027e-01        -5.2785182727093094e-03
11                                    -2.3768269818853556e+00        -4.1175972393307276e+00         5.9342969407502177e-01         5.7391062388369510e-02         6.6696692906671906e-02         4.3729304844172805e-02         3.3716582469365916e-02         1.0433983668661556e-01
                                                         8                           9                          10                          11

0                                     -2.4757198585406219e+00        -1.9024149122891598e-01        -4.4421141197028176e+00        -2.3768269818853556e+00
1                                      4.2878313675927231e+00        -4.4889544057974531e+00        -5.3483326145440069e+00        -4.1175972393307276e+00
2                                      6.4313993318267215e-01        -2.2331011554974545e+00        -3.8245706345198864e+00         5.9342969407502177e-01
3                                      5.8395182634775597e-02         6.8923085035741405e-03         8.5331051382377066e-02         5.7391062388369510e-02
4                                     -6.7781818245312625e-02        -1.4400455224864400e-01         4.3001520871877710e-02         6.6696692906671906e-02
5                                      4.4192240083632921e-02        -8.6546087424458351e-02        -1.8107199805133325e-02         4.3729304844172805e-02
6                                      2.3833215714784908e+00         7.0485480954271706e-02        -1.3822761295400027e-01         3.3716582469365916e-02
7                                     -4.1161009669571076e+00         1.3819641580308195e-01        -5.2785182727093094e-03         1.0433983668661556e-01
8                                     -7.3836740636298803e-01         3.3978910327734604e-02        -1.0399321525427246e-01         5.1035233096682980e-02
9                                      3.3978910327734604e-02         1.1286370177107014e-01         4.4948866117587283e+00         2.2856938348108988e+00
10                                    -1.0399321525427246e-01         4.4948866117587283e+00         5.3106096119448392e+00         3.9466158796583661e+00
11                                     5.1035233096682980e-02         2.2856938348108988e+00         3.9466158796583661e+00        -6.8819423201587759e-01
   &MODES [&Type "ArrayOfDoubles", &Dim (12,12)] "The modes of vibrations"
                                                         0                           1                           2                           3                           4                           5                           6                           7

0                                      0.0000000000000000e+00         0.0000000000000000e+00         0.0000000000000000e+00         0.0000000000000000e+00         0.0000000000000000e+00         0.0000000000000000e+00        -2.4648982503605445e-02        -5.8869627200464431e-02
1                                      0.0000000000000000e+00         0.0000000000000000e+00         0.0000000000000000e+00         0.0000000000000000e+00         0.0000000000000000e+00         0.0000000000000000e+00         1.0565149968482571e-04        -5.4030314991934210e-03
2                                      0.0000000000000000e+00         0.0000000000000000e+00         0.0000000000000000e+00         0.0000000000000000e+00         0.0000000000000000e+00         0.0000000000000000e+00        -9.2536306812914887e-02         4.3494135523593373e-02
3                                      0.0000000000000000e+00         0.0000000000000000e+00         0.0000000000000000e+00         0.0000000000000000e+00         0.0000000000000000e+00         0.0000000000000000e+00         1.3899247368207007e-01        -2.2514035805161262e-01
4                                      0.0000000000000000e+00         0.0000000000000000e+00         0.0000000000000000e+00         0.0000000000000000e+00         0.0000000000000000e+00         0.0000000000000000e+00        -4.3875301985398631e-03         6.0194582825362490e-02
5                                      0.0000000000000000e+00         0.0000000000000000e+00         0.0000000000000000e+00         0.0000000000000000e+00         0.0000000000000000e+00         0.0000000000000000e+00         3.0103427447151698e-01        -4.0070302355585363e-01
6                                      0.0000000000000000e+00         0.0000000000000000e+00         0.0000000000000000e+00         0.0000000000000000e+00         0.0000000000000000e+00         0.0000000000000000e+00         9.9731645403024691e-02         5.5971979952427853e-01
7                                      0.0000000000000000e+00         0.0000000000000000e+00         0.0000000000000000e+00         0.0000000000000000e+00         0.0000000000000000e+00         0.0000000000000000e+00         3.5428034052633217e-01         2.6592139383307523e-01
8                                      0.0000000000000000e+00         0.0000000000000000e+00         0.0000000000000000e+00         0.0000000000000000e+00         0.0000000000000000e+00         0.0000000000000000e+00         4.9646507097331938e-01        -1.2231541259740347e-01
9                                      0.0000000000000000e+00         0.0000000000000000e+00         0.0000000000000000e+00         0.0000000000000000e+00         0.0000000000000000e+00         0.0000000000000000e+00         1.0379403362125600e-01         4.8346308650045433e-01
10                                     0.0000000000000000e+00         0.0000000000000000e+00         0.0000000000000000e+00         0.0000000000000000e+00         0.0000000000000000e+00         0.0000000000000000e+00        -3.5136092595882934e-01        -2.5103635145089570e-01
11                                     0.0000000000000000e+00         0.0000000000000000e+00         0.0000000000000000e+00         0.0000000000000000e+00         0.0000000000000000e+00         0.0000000000000000e+00         4.8836975130962695e-01        -8.1368822060009310e-02
                                                         8                           9                          10                          11

0                                     -4.9578216815273947e-03        -5.6571272908150887e-02         4.8136848178567566e-02         1.4851016385835719e-02
1                                      6.0184555760798869e-02         3.7704733273616066e-04         2.2840469935687082e-02        -7.2873448855871215e-02
2                                      4.5096672003814686e-03         3.0484110285879842e-02         3.3688614899951737e-02         1.0765920640028542e-02
3                                     -2.1921542712115806e-02         8.8525903882702872e-01        -8.2216969210878052e-02        -2.1459417038909634e-02
4                                     -6.9627646507897401e-01        -1.4328240916823873e-04         2.5635681275607437e-03        -7.4555897800018672e-03
5                                     -3.9196730409851430e-02        -3.6953866682833170e-01         3.8167413383521906e-02         1.0083343209736762e-02
6                                     -3.6285310643419016e-01        -4.8270191507583077e-02        -1.9928932166787280e-01        -3.9171500701206557e-01
7                                     -4.9041888894754894e-02         6.0846817538810306e-02         3.6286556238378270e-01         6.7409370294651227e-01
8                                      2.1832065174363890e-01        -2.5690237484302162e-02        -1.7330153855945016e-01        -3.3469407923443811e-01
9                                      4.5366771292919722e-01        -5.0883867533265403e-02        -3.8739532860259440e-01         2.0680717552279965e-01
10                                    -9.0996202119039041e-02        -6.5942922024121692e-02        -6.8281649399266187e-01         3.4599918655986711e-01
11                                    -2.4178950513908826e-01        -2.8373211534905060e-02        -3.3299725270465125e-01         1.7500929713097138e-01
$End
