
$orca_hessian_file

$act_atom
  0

$act_coord
  0

$act_energy
        0.000000

$multiplicity
  1

$hessian
12
                    0                  1                  2                  3                  4        
    0      5.7514491462E+00  -1.9094278136E-01   1.6901218654E+00  -5.3921557399E+00  -1.8308772354E-03
    1     -1.9094278136E-01   9.5299550115E+00  -1.6982279634E-01   1.6013585314E-03   1.3662146827E+00
    2      1.6901218654E+00  -1.6982279634E-01  -1.4615006291E+00   2.8718905880E+00   1.3875866620E-03
    3     -5.3921557399E+00   1.6013585314E-03   2.8718905880E+00   5.3779145909E+00  -4.4732959752E-05
    4     -1.8308772354E-03   1.3662146827E+00   1.3875866620E-03  -4.4732959752E-05  -1.4528803711E+00
    5      3.1623628292E+00  -3.9769423357E-04   2.2493100184E-01  -2.9876643836E+00  -3.0556195013E-04
    6     -1.6905191511E-01   4.6783032290E+00  -2.3288491522E+00   7.3488404320E-03   1.4588646796E-01
    7      4.6348803779E+00  -5.5478370797E+00   3.9929922065E+00  -8.6893982466E-02   4.3664167559E-02
    8     -2.4757198585E+00   4.2878313676E+00   6.4313993318E-01   5.8395182635E-02  -6.7781818245E-02
    9     -1.9024149123E-01  -4.4889544058E+00  -2.2331011555E+00   6.8923085036E-03  -1.4400455225E-01
   10     -4.4421141197E+00  -5.3483326145E+00  -3.8245706345E+00   8.5331051382E-02   4.3001520872E-02
   11     -2.3768269819E+00  -4.1175972393E+00   5.9342969408E-01   5.7391062388E-02   6.6696692907E-02
                    5                  6                  7                  8                  9        
    0      3.1623628292E+00  -1.6905191511E-01   4.6348803779E+00  -2.4757198585E+00  -1.9024149123E-01
    1     -3.9769423357E-04   4.6783032290E+00  -5.5478370797E+00   4.2878313676E+00  -4.4889544058E+00
    2      2.2493100184E-01  -2.3288491522E+00   3.9929922065E+00   6.4313993318E-01  -2.2331011555E+00
    3     -2.9876643836E+00   7.3488404320E-03  -8.6893982466E-02   5.8395182635E-02   6.8923085036E-03
    4     -3.0556195013E-04   1.4588646796E-01   4.3664167559E-02  -6.7781818245E-02  -1.4400455225E-01
    5     -3.1285254677E-01  -8.8164807685E-02   1.8813556616E-02   4.4192240084E-02  -8.6546087424E-02
    6     -8.8164807685E-02   9.1217593722E-02  -4.6860724476E+00   2.3833215715E+00   7.0485480954E-02
    7      1.8813556616E-02  -4.6860724476E+00   5.5094514304E+00  -4.1161009670E+00   1.3819641580E-01
    8      4.4192240084E-02   2.3833215715E+00  -4.1161009670E+00  -7.3836740636E-01   3.3978910328E-02
    9     -8.6546087424E-02   7.0485480954E-02   1.3819641580E-01   3.3978910328E-02   1.1286370177E-01
   10     -1.8107199805E-02  -1.3822761295E-01  -5.2785182727E-03  -1.0399321525E-01   4.4948866118E+00
   11      4.3729304844E-02   3.3716582469E-02   1.0433983669E-01   5.1035233097E-02   2.2856938348E+00
                   10                 11        
     0     -4.4421141197E+00  -2.3768269819E+00
     1     -5.3483326145E+00  -4.1175972393E+00
     2     -3.8245706345E+00   5.9342969408E-01
     3      8.5331051382E-02   5.7391062388E-02
     4      4.3001520872E-02   6.6696692907E-02
     5     -1.8107199805E-02   4.3729304844E-02
     6     -1.3822761295E-01   3.3716582469E-02
     7     -5.2785182727E-03   1.0433983669E-01
     8     -1.0399321525E-01   5.1035233097E-02
     9      4.4948866118E+00   2.2856938348E+00
    10      5.3106096119E+00   3.9466158797E+00
    11      3.9466158797E+00  -6.8819423202E-01

$vibrational_frequencies
12
    0        0.0000000000000000
    1        0.0000000000000000
    2        0.0000000000000000
    3        0.0000000000000000
    4        0.0000000000000000
    5        0.0000000000000000
    6    -8429.6257976022570801
    7    -7855.5247002720980163
    8    -7013.1728168441086382
    9    13626.0589636545100802
   10    16538.7738343223827542
   11    17114.6039426989227650

$normal_modes
12 12
                    0                  1                  2                  3                  4        
    0      0.0000000000E+00   0.0000000000E+00   0.0000000000E+00   0.0000000000E+00   0.0000000000E+00
    1      0.0000000000E+00   0.0000000000E+00   0.0000000000E+00   0.0000000000E+00   0.0000000000E+00
    2      0.0000000000E+00   0.0000000000E+00   0.0000000000E+00   0.0000000000E+00   0.0000000000E+00
    3      0.0000000000E+00   0.0000000000E+00   0.0000000000E+00   0.0000000000E+00   0.0000000000E+00
    4      0.0000000000E+00   0.0000000000E+00   0.0000000000E+00   0.0000000000E+00   0.0000000000E+00
    5      0.0000000000E+00   0.0000000000E+00   0.0000000000E+00   0.0000000000E+00   0.0000000000E+00
    6      0.0000000000E+00   0.0000000000E+00   0.0000000000E+00   0.0000000000E+00   0.0000000000E+00
    7      0.0000000000E+00   0.0000000000E+00   0.0000000000E+00   0.0000000000E+00   0.0000000000E+00
    8      0.0000000000E+00   0.0000000000E+00   0.0000000000E+00   0.0000000000E+00   0.0000000000E+00
    9      0.0000000000E+00   0.0000000000E+00   0.0000000000E+00   0.0000000000E+00   0.0000000000E+00
   10      0.0000000000E+00   0.0000000000E+00   0.0000000000E+00   0.0000000000E+00   0.0000000000E+00
   11      0.0000000000E+00   0.0000000000E+00   0.0000000000E+00   0.0000000000E+00   0.0000000000E+00
                    5                  6                  7                  8                  9        
    0      0.0000000000E+00  -2.6368934528E-02  -6.1289311024E-02  -5.1006687180E-03  -5.8385869913E-02
    1      0.0000000000E+00   1.1302362998E-04  -5.6251091399E-03   6.1918620837E-02   3.8914161532E-04
    2      0.0000000000E+00  -9.8993287672E-02   4.5281849514E-02   4.6396018040E-03   3.1461927690E-02
    3      0.0000000000E+00   1.4869106414E-01  -2.3439417039E-01  -2.2553156274E-02   9.1365487152E-01
    4      0.0000000000E+00  -4.6936824482E-03   6.2668725524E-02  -7.1633790254E-01  -1.4787837842E-04
    5      0.0000000000E+00   3.2203978696E-01  -4.1717288536E-01  -4.0326084618E-02  -3.8139209921E-01
    6      0.0000000000E+00   1.0669070123E-01   5.8272563478E-01  -3.7330779688E-01  -4.9818520552E-02
    7      0.0000000000E+00   3.7900124691E-01   2.7685140521E-01  -5.0454906333E-02   6.2798558187E-02
    8      0.0000000000E+00   5.3110731650E-01  -1.2734287140E-01   2.2461100668E-01  -2.6514285196E-02
    9      0.0000000000E+00   1.1103655401E-01   5.0333458672E-01   4.6673899554E-01  -5.2516033629E-02
   10      0.0000000000E+00  -3.7587812198E-01  -2.6135455164E-01  -9.3618026509E-02  -6.8058126838E-02
   11      0.0000000000E+00   5.2244712315E-01  -8.4713277119E-02  -2.4875605547E-01  -2.9283319122E-02
                   10                 11        
     0      4.9627766925E-02   1.5489647750E-02
     1      2.3547896493E-02  -7.6007191951E-02
     2      3.4732035676E-02   1.1228882528E-02
     3     -8.4763434659E-02  -2.2382226389E-02
     4      2.6429682529E-03  -7.7761990466E-03
     5      3.9349553766E-02   1.0516952537E-02
     6     -2.0546181108E-01  -4.0855974563E-01
     7      3.7410441765E-01   7.0308144155E-01
     8     -1.7866912124E-01  -3.4908677337E-01
     9     -3.9939393216E-01   2.1570040850E-01
    10     -7.0396503092E-01   3.6087802897E-01
    11     -3.4331101161E-01   1.8253514070E-01

#
# The atoms: label  mass x y z (in bohrs)
#
$atoms
4
 N     14.00700     -0.006243419741     0.000497511975     0.072446579808
 H      1.00800      1.001191331299     0.000500073310    -0.364622768365
 H      1.00800     -0.454796230174     0.777432250379    -0.319036178615
 H      1.00800     -0.459637580973    -0.784845667175    -0.323046651604

$actual_temperature
  0.000000

$frequency_scale_factor
  1.000000

$dipole_derivatives
12
   -8.1746238332E-01    7.8479499743E-04    3.3696335590E-02
    8.3031616303E-04   -8.3469768561E-01   -2.5652507429E-03
    2.6931543326E-02   -2.5769145868E-03   -1.1155302133E+00
    2.2212837590E-01    1.3955865830E-04    2.1153687208E-01
   -4.8368779359E-04    3.0982376149E-01    1.9858418746E-04
    2.6440409070E-01    2.9700763121E-04    3.5572760701E-01
    2.9854125628E-01    3.9981506366E-02   -1.2319172234E-01
    2.9275858015E-02    2.6343791471E-01    2.0913603452E-01
   -1.4618647806E-01    2.4935421326E-01    3.8107962581E-01
    2.9687424425E-01   -4.0905187192E-02   -1.2205057722E-01
   -2.9623792065E-02    2.6141662189E-01   -2.0676499336E-01
   -1.4521332742E-01   -2.4707245883E-01    3.7851987332E-01

#
# The IR spectrum
#  wavenumber eps Int TX TY TZ
#
$ir_spectrum
12
      0.00   0.00000000   0.00000000     0.000000     0.000000     0.000000
      0.00   0.00000000   0.00000000     0.000000     0.000000     0.000000
      0.00   0.00000000   0.00000000     0.000000     0.000000     0.000000
      0.00   0.00000000   0.00000000     0.000000     0.000000     0.000000
      0.00   0.00000000   0.00000000     0.000000     0.000000     0.000000
      0.00   0.00000000   0.00000000     0.000000     0.000000     0.000000
  -8429.63   0.00000000   0.00000000     0.000000     0.000000     0.000000
  -7855.52   0.00000000   0.00000000     0.000000     0.000000     0.000000
  -7013.17   0.00000000   0.00000000     0.000000     0.000000     0.000000
  13626.06   0.00344226  17.39576985     0.008514    -0.000061     0.002518
  16538.77   0.00381580  19.28346427    -0.007032    -0.003275     0.003438
  17114.60   0.00628271  31.75022428    -0.002168     0.010421     0.001119


$end

