*************************************************
******************* ORCA 6.0.1 ******************
*************************************************
$Calculation_Status
   &GeometryIndex 1
   &ListStatus       OUT
   &VERSION [&Type "String"] "6.0.1"
   &PROGNAME [&Type "String"] "LeanSCF"
   &STATUS [&Type "String"] "NORMAL TERMINATION"
$End
$Geometry
   &GeometryIndex 1
   &ListStatus       OUT
   &NATOMS [&Type "Integer"] 3
   &NCORELESSECP [&Type "Integer"] 0
   &NGHOSTATOMS [&Type "Integer"] 0
   &CartesianCoordinates [&Type "Coordinates", &Dim(3,4), &Units "Bohr"] 
              O      0.001532784457   -0.014263703126    0.000000000000
              H      0.708690768646    0.548660731880   -0.000000266640
              H     -0.805605672757    0.625606475879    0.000000104691
$End
$SCF_Energy
   &GeometryIndex 1
   &ListStatus       OUT
   &SCF_ENERGY [&Type "Double"]      -7.4827550728973193e+01
$End
$DFT_Energy
   &GeometryIndex 1
   &ListStatus       OUT
   &NALPHAEL [&Type "Integer"] 5
   &NBETAEL [&Type "Integer"] 5
   &NTOTALEL [&Type "Integer"] 10
   &EEXCHANGE [&Type "Double"]      -7.6603598873962397e+00
   &ECORR [&Type "Double"]      -4.2280683542279673e-01
   &ECNL [&Type "Double"]       0.0000000000000000e+00
   &EXC [&Type "Double"]      -8.0831667228190369e+00
   &EEMBED [&Type "Double"]       0.0000000000000000e+00
   &FINALEN [&Type "Double"]      -7.4827550728973193e+01  "No Van der Waals correction"
$End
$Mulliken_Population_Analysis
   &GeometryIndex 1
   &ListStatus       OUT
   &NATOMS [&Type "Integer"] 3
   &ATNO [&Type "ArrayOfIntegers", &Dim (3,1)] 
                                                         0

0                                                        8
1                                                        1
2                                                        1
   &ATOMICCHARGES [&Type "ArrayOfDoubles", &Dim (3,1)] 
                                                         0

0                                      4.1404300747000899e-01
1                                     -2.6862497751354142e-01
2                                     -1.4541802995648623e-01
$End
$Loewdin_Population_Analysis
   &GeometryIndex 1
   &ListStatus       OUT
   &NATOMS [&Type "Integer"] 3
   &ATNO [&Type "ArrayOfIntegers", &Dim (3,1)] 
                                                         0

0                                                        8
1                                                        1
2                                                        1
   &ATOMICCHARGES [&Type "ArrayOfDoubles", &Dim (3,1)] 
                                                         0

0                                      5.6011518031074203e-01
1                                     -3.4615304824223703e-01
2                                     -2.1396213206851900e-01
$End
$Mayer_Population_Analysis
   &GeometryIndex 1
   &ListStatus       OUT
   &NATOMS [&Type "Integer"] 3 "Total number of atoms"
   &BONDTHRESH [&Type "Double"]       1.0000000000000001e-01  "The threshold for printing"
   &NBONDORDERSPRINT [&Type "Integer"] 3 "The number of bond orders larger than threshold"
   &BONDORDERS [&Type "ArrayOfDoubles", &Dim (3,1)] "The bond orders"
                                                         0

0                                      9.1595419877945539e-01
1                                      9.5549408626511190e-01
2                                      1.4780351848400125e-01
   &COMPONENTS [&Type "ArrayOfIntegers", &Dim (3,4)] "The indices and atomic numbers of the bonding atoms"
                                                         0                           1                           2                           3

0                                                        0                           8                           1                           1
1                                                        0                           8                           2                           1
2                                                        1                           1                           2                           1
   &ATNO [&Type "ArrayOfIntegers", &Dim (3,1)] "Atomic number of the elements"
                                                         0

0                                                        8
1                                                        1
2                                                        1
   &NA [&Type "ArrayOfDoubles", &Dim (3,1)] "Mulliken gross atomic population"
                                                         0

0                                      7.5859569925299910e+00
1                                      1.2686249775135419e+00
2                                      1.1454180299564864e+00
   &ZA [&Type "ArrayOfDoubles", &Dim (3,1)] "Total nuclear charge"
                                                         0

0                                      8.0000000000000000e+00
1                                      1.0000000000000000e+00
2                                      1.0000000000000000e+00
   &QA [&Type "ArrayOfDoubles", &Dim (3,1)] "Mulliken gross atomic charge"
                                                         0

0                                      4.1404300747000899e-01
1                                     -2.6862497751354186e-01
2                                     -1.4541802995648645e-01
   &VA [&Type "ArrayOfDoubles", &Dim (3,1)] "Mayer's total valence"
                                                         0

0                                      1.8714482850445378e+00
1                                      1.0637577172634491e+00
2                                      1.1032976047491105e+00
   &BVA [&Type "ArrayOfDoubles", &Dim (3,1)] "Mayer's bonded valence"
                                                         0

0                                      1.8714482850445673e+00
1                                      1.0637577172634567e+00
2                                      1.1032976047491132e+00
   &FA [&Type "ArrayOfDoubles", &Dim (3,1)] "Mayer's free valence"
                                                         0

0                                      0.0000000000000000e+00
1                                      0.0000000000000000e+00
2                                      0.0000000000000000e+00
$End
$SCF_Nuc_Gradient
   &GeometryIndex 1
   &ListStatus       OUT
   &NATOMS [&Type "Integer"] 3
   &ROOT [&Type "Integer"] 0
   &GRADNORM [&Type "Double"]       6.0734941173353763e+00
   &GRAD [&Type "ArrayOfDoubles", &Dim (9,1)] 
                                                         0

0                                      1.1911205904572963e+00
1                                      3.8093187904219050e+00
2                                     -8.9878519155900526e-07
3                                     -3.1003422368734959e+00
4                                     -2.3763313047527874e+00
5                                      1.1562862259637403e-06
6                                      1.9092216462967002e+00
7                                     -1.4329874859379450e+00
8                                     -2.5750103148097856e-07
$End
$SCF_Dipole_Moment
   &GeometryIndex 1
   &ListStatus       OUT
   &METHOD [&Type "String"] "SCF"
   &LEVEL [&Type "String"] "Relaxed density"
   &MULT [&Type "Integer"] 1
   &STATE [&Type "Integer"] -1
   &IRREP [&Type "Integer"] 0
   &NATOMS [&Type "Integer"] 3
   &DODIPOLEATOM [&Type "Boolean"] false
   &DIPOLEELECCONTRIB [&Type "ArrayOfDoubles", &Dim (3,1)] "Electronic contribution"
                                                         0

0                                      2.5835868196782096e-02
1                                      1.4121115468007439e-01
2                                     -2.7324420983121584e-08
   &DIPOLENUCCONTRIB [&Type "ArrayOfDoubles", &Dim (3,1)] "Nuclear contribution"
                                                         0

0                                     -4.4038026836270450e-02
1                                      5.2979046695350607e-01
2                                     -7.1333329677051325e-08
   &DIPOLETOTAL [&Type "ArrayOfDoubles", &Dim (3,1)] "Total"
                                                         0

0                                     -1.8202158639488354e-02
1                                      6.7100162163358046e-01
2                                     -9.8657750660172902e-08
   &DIPOLEMAGNITUDE [&Type "Double", &Units "a.u."]       6.7124845982247250e-01
$End
$SCF_Polarizability
   &GeometryIndex 1
   &ListStatus       OUT
   &METHOD [&Type "String"] "SCF"
   &LEVEL [&Type "String"] "Relaxed density"
   &MULT [&Type "Integer"] 1
   &STATE [&Type "Integer"] -1
   &IRREP [&Type "Integer"] 0
   &NATOMS [&Type "Integer"] 3
   &DODIPOLEATOM [&Type "Boolean"] false
   &RAWCARTESIAN [&Type "ArrayOfDoubles", &Units "a.u", &Dim (3,3)] 
                                                         0                           1                           2

0                                      2.4950831332974266e+00        -1.1359367596651301e-01         1.4028188426605383e-07
1                                     -1.1359367596651301e-01         2.2949091032028077e+00         1.4121830945365168e-07
2                                      1.4028188426605383e-07         1.4121830945365168e-07         2.9770468939522612e+00
   &DIAGONALIZEDTENSOR [&Type "ArrayOfDoubles", &Dim (3,1)] 
                                                         0

0                                      2.2435995073214725e+00
1                                      2.5463927291787050e+00
2                                      2.9770468939523198e+00
   &ORIENTATION [&Type "ArrayOfDoubles", &Dim (3,3)] 
                                                         0                           1                           2

0                                      4.1164820170000249e-01         9.1134283232880620e-01         2.5216716298572145e-07
1                                      9.1134283232880597e-01        -4.1164820170004779e-01         1.6503075475170211e-07
2                                     -2.5420375462765184e-07        -1.6187612311699466e-07         9.9999999999995481e-01
   &ISOTROPICPOLAR [&Type "Double"]       2.5890130434841656e+00
$End
$THERMOCHEMISTRY_Energies
   &GeometryIndex 1
   &ListStatus       OUT
   &TEMPERATURE [&Type "Double"]       2.9814999999999998e+02
   &PRESSURE [&Type "Double"]       1.0000000000000000e+00
   &TOTALMASS [&Type "Double"]       1.8015000000000001e+01
   &SPINDEGENERACY [&Type "Integer"] 1
   &ELENERGY [&Type "Double"]      -7.4827550728973193e+01
   &TRANSENERGY [&Type "Double"]       1.4162714244859817e-03
   &ROTENERGY [&Type "Double"]       1.4162714244859817e-03
   &VIBENERGY [&Type "Double"]       1.7838028351839601e-35
   &NUMOFFREQS [&Type "Integer"] 9
   &FREQSCALINGFACTOR [&Type "Double"]       1.0000000000000000e+00
   &FREQ [&Type "ArrayOfDoubles", &Dim (9,1)] "In cm^-1"
                                                         0

0                                      0.0000000000000000e+00
1                                      0.0000000000000000e+00
2                                      0.0000000000000000e+00
3                                      0.0000000000000000e+00
4                                      0.0000000000000000e+00
5                                      0.0000000000000000e+00
6                                     -9.1158728710550658e+03
7                                      1.6038663386793969e+04
8                                      2.0548906451334569e+04
   &ZPE [&Type "Double"]       8.3352617248665453e-02
   &INNERENERGYU [&Type "Double"]      -7.4741365568875551e+01
   &ENTHALPYH [&Type "Double"]      -7.4740421359833292e+01
   &QEL [&Type "Double"]       0.0000000000000000e+00
   &QROT [&Type "Double"]       3.8468663850754936e-03
   &QVIB [&Type "Double"]      -2.2244272066425899e-12
   &QTRANS [&Type "Double"]       1.6443801841798250e-02
   &ENTROPYS [&Type "Double"]       2.0290668224649318e-02
   &FREEENERGYG [&Type "Double"]      -7.4760712028057938e+01
   &ISLINEAR [&Type "Boolean"] false
$End
$Hessian
   &GeometryIndex 1
   &ListStatus       OUT
   &HESSIAN [&Type "ArrayOfDoubles", &Dim (9,9)] "The Hessian"
                                                         0                           1                           2                           3                           4                           5                           6                           7

0                                      1.2654230095309927e+01         3.8341766522154752e+00        -5.4357528961317186e-06        -7.7488158055065091e+00        -9.5128799244978666e+00         4.5176007526139802e-06        -4.9054142898034190e+00         5.6786366225325020e+00
1                                      3.8341766522154752e+00         5.6402729439393333e+00        -2.8496063208997420e-06        -9.1511998580839116e+00        -3.3746091474861712e+00         3.5091012721534658e-06         5.3170898556183257e+00        -2.2656637964531625e+00
2                                     -5.4357528961317186e-06        -2.8496063208997420e-06        -6.4621088449166351e+00         4.4540713535536868e-06         3.5827212667407323e-06         4.2306801904954554e+00         9.7302725756680494e-07        -7.3740567430532908e-07
3                                     -7.7488158055065091e+00        -9.1511998580839116e+00         4.4540713535536868e-06         7.8115761508900157e+00         9.3244093415488454e+00        -4.5307857424502946e-06        -6.2760345383506722e-02        -1.7336645272055534e-01
4                                     -9.5128799244978666e+00        -3.3746091474861712e+00         3.5827212667407323e-06         9.3244093415488454e+00         3.2968388483025390e+00        -3.5431483343862718e-06         1.8862755220464247e-01         7.7770299183632291e-02
5                                      4.5176007526139802e-06         3.5091012721534658e-06         4.2306801904954554e+00        -4.5307857424502946e-06        -3.5431483343862718e-06        -4.3021329842871356e+00         1.5823718097112254e-08         4.0729305557693972e-08
6                                     -4.9054142898034190e+00         5.3170898556183257e+00         9.7302725756680494e-07        -6.2760345383506722e-02         1.8862755220464247e-01         1.5823718097112254e-08         4.9681746351869256e+00        -5.5054937888174571e+00
7                                      5.6786366225325020e+00        -2.2656637964531625e+00        -7.3740567430532908e-07        -1.7336645272055534e-01         7.7770299183632291e-02         4.0729305557693972e-08        -5.5054937888174571e+00         2.1878934972695303e+00
8                                      9.2680642852896507e-07        -6.5520422278938458e-07         2.2314286544211797e+00         7.4075660635810067e-08        -4.6255175679347826e-08         7.1452793791680624e-02        -9.9486653241434621e-07         6.9906788360818371e-07
                                                         8

0                                      9.2680642852896507e-07
1                                     -6.5520422278938458e-07
2                                      2.2314286544211797e+00
3                                      7.4075660635810067e-08
4                                     -4.6255175679347826e-08
5                                      7.1452793791680624e-02
6                                     -9.9486653241434621e-07
7                                      6.9906788360818371e-07
8                                     -2.3028814482128603e+00
   &MODES [&Type "ArrayOfDoubles", &Dim (9,9)] "The modes of vibrations"
                                                         0                           1                           2                           3                           4                           5                           6                           7

0                                      0.0000000000000000e+00         0.0000000000000000e+00         0.0000000000000000e+00         0.0000000000000000e+00         0.0000000000000000e+00         0.0000000000000000e+00         3.8502840630304986e-03        -4.5013483651080786e-02
1                                      0.0000000000000000e+00         0.0000000000000000e+00         0.0000000000000000e+00         0.0000000000000000e+00         0.0000000000000000e+00         0.0000000000000000e+00        -6.4986679463129429e-02         3.8405112623547746e-02
2                                      0.0000000000000000e+00         0.0000000000000000e+00         0.0000000000000000e+00         0.0000000000000000e+00         0.0000000000000000e+00         0.0000000000000000e+00         9.1428527531712977e-09         5.4150542516285821e-09
3                                      0.0000000000000000e+00         0.0000000000000000e+00         0.0000000000000000e+00         0.0000000000000000e+00         0.0000000000000000e+00         0.0000000000000000e+00        -4.7151605111716022e-01        -5.1271721352395931e-02
4                                      0.0000000000000000e+00         0.0000000000000000e+00         0.0000000000000000e+00         0.0000000000000000e+00         0.0000000000000000e+00         0.0000000000000000e+00         5.4792226700293600e-01        -2.0406316947993258e-02
5                                      0.0000000000000000e+00         0.0000000000000000e+00         0.0000000000000000e+00         0.0000000000000000e+00         0.0000000000000000e+00         0.0000000000000000e+00         3.4050404670155812e-08         1.6155259452503474e-08
6                                      0.0000000000000000e+00         0.0000000000000000e+00         0.0000000000000000e+00         0.0000000000000000e+00         0.0000000000000000e+00         0.0000000000000000e+00         4.1040425079531012e-01         7.6572680561196127e-01
7                                      0.0000000000000000e+00         0.0000000000000000e+00         0.0000000000000000e+00         0.0000000000000000e+00         0.0000000000000000e+00         0.0000000000000000e+00         4.8354785673774686e-01        -5.8916054502040027e-01
8                                      0.0000000000000000e+00         0.0000000000000000e+00         0.0000000000000000e+00         0.0000000000000000e+00         0.0000000000000000e+00         0.0000000000000000e+00        -1.7916598140737355e-07        -1.0210312959463180e-07
                                                         8

0                                      4.9519411104643273e-02
1                                      3.5764564313933572e-02
2                                     -1.8102753461532160e-08
3                                     -7.5890575517582848e-01
4                                     -5.9612059231718539e-01
5                                      2.8490730754976515e-07
6                                     -2.7067516910667673e-02
7                                      2.8464575989185965e-02
8                                      2.4200262610261757e-09
$End
