
$orca_hessian_file

$act_atom
  0

$act_coord
  0

$act_energy
        0.000000

$multiplicity
  1

$hessian
9
                    0                  1                  2                  3                  4        
    0      1.2654230095E+01   3.8341766522E+00  -5.4357528961E-06  -7.7488158055E+00  -9.5128799245E+00
    1      3.8341766522E+00   5.6402729439E+00  -2.8496063209E-06  -9.1511998581E+00  -3.3746091475E+00
    2     -5.4357528961E-06  -2.8496063209E-06  -6.4621088449E+00   4.4540713536E-06   3.5827212667E-06
    3     -7.7488158055E+00  -9.1511998581E+00   4.4540713536E-06   7.8115761509E+00   9.3244093415E+00
    4     -9.5128799245E+00  -3.3746091475E+00   3.5827212667E-06   9.3244093415E+00   3.2968388483E+00
    5      4.5176007526E-06   3.5091012722E-06   4.2306801905E+00  -4.5307857425E-06  -3.5431483344E-06
    6     -4.9054142898E+00   5.3170898556E+00   9.7302725757E-07  -6.2760345384E-02   1.8862755220E-01
    7      5.6786366225E+00  -2.2656637965E+00  -7.3740567431E-07  -1.7336645272E-01   7.7770299184E-02
    8      9.2680642853E-07  -6.5520422279E-07   2.2314286544E+00   7.4075660636E-08  -4.6255175679E-08
                    5                  6                  7                  8        
     0      4.5176007526E-06  -4.9054142898E+00   5.6786366225E+00   9.2680642853E-07
     1      3.5091012722E-06   5.3170898556E+00  -2.2656637965E+00  -6.5520422279E-07
     2      4.2306801905E+00   9.7302725757E-07  -7.3740567431E-07   2.2314286544E+00
     3     -4.5307857425E-06  -6.2760345384E-02  -1.7336645272E-01   7.4075660636E-08
     4     -3.5431483344E-06   1.8862755220E-01   7.7770299184E-02  -4.6255175679E-08
     5     -4.3021329843E+00   1.5823718097E-08   4.0729305558E-08   7.1452793792E-02
     6      1.5823718097E-08   4.9681746352E+00  -5.5054937888E+00  -9.9486653241E-07
     7      4.0729305558E-08  -5.5054937888E+00   2.1878934973E+00   6.9906788361E-07
     8      7.1452793792E-02  -9.9486653241E-07   6.9906788361E-07  -2.3028814482E+00

$vibrational_frequencies
9
    0        0.0000000000000000
    1        0.0000000000000000
    2        0.0000000000000000
    3        0.0000000000000000
    4        0.0000000000000000
    5        0.0000000000000000
    6    -9115.8728710550658434
    7    16038.6633867939690390
    8    20548.9064513345692831

$normal_modes
9 9
                    0                  1                  2                  3                  4        
    0      0.0000000000E+00   0.0000000000E+00   0.0000000000E+00   0.0000000000E+00   0.0000000000E+00
    1      0.0000000000E+00   0.0000000000E+00   0.0000000000E+00   0.0000000000E+00   0.0000000000E+00
    2      0.0000000000E+00   0.0000000000E+00   0.0000000000E+00   0.0000000000E+00   0.0000000000E+00
    3      0.0000000000E+00   0.0000000000E+00   0.0000000000E+00   0.0000000000E+00   0.0000000000E+00
    4      0.0000000000E+00   0.0000000000E+00   0.0000000000E+00   0.0000000000E+00   0.0000000000E+00
    5      0.0000000000E+00   0.0000000000E+00   0.0000000000E+00   0.0000000000E+00   0.0000000000E+00
    6      0.0000000000E+00   0.0000000000E+00   0.0000000000E+00   0.0000000000E+00   0.0000000000E+00
    7      0.0000000000E+00   0.0000000000E+00   0.0000000000E+00   0.0000000000E+00   0.0000000000E+00
    8      0.0000000000E+00   0.0000000000E+00   0.0000000000E+00   0.0000000000E+00   0.0000000000E+00
                    5                  6                  7                  8        
     0      0.0000000000E+00   3.9946327471E-03  -4.6428010044E-02   5.1168762968E-02
     1      0.0000000000E+00  -6.7423055977E-02   3.9611974236E-02   3.6955781041E-02
     2      0.0000000000E+00   9.4856219468E-09   5.5852196452E-09  -1.8705705102E-08
     3      0.0000000000E+00  -4.8919337580E-01  -5.2882909761E-02  -7.8418276461E-01
     4      0.0000000000E+00   5.6846409117E-01  -2.1047575335E-02  -6.1597568728E-01
     5      0.0000000000E+00   3.5326967912E-08   1.6662930466E-08   2.9439676609E-07
     6      0.0000000000E+00   4.2579046973E-01   7.8978939061E-01  -2.7969059527E-02
     7      0.0000000000E+00   5.0167625861E-01  -6.0767462287E-01   2.9412650702E-02
     8      0.0000000000E+00  -1.8588298546E-07  -1.0531166979E-07   2.5006305076E-09

#
# The atoms: label  mass x y z (in bohrs)
#
$atoms
3
 O     15.99900      0.005594244619    -0.067300414706     0.000000009062
 H      1.00800      0.712752228808     0.495624020300    -0.000000257579
 H      1.00800     -0.801544212595     0.572569764299     0.000000113752

$actual_temperature
  0.000000

$frequency_scale_factor
  1.000000

$dipole_derivatives
9
   -6.5060209584E-01    4.3416513768E-02   -1.2511518552E-07
    2.1178805476E-02   -4.2583021845E-01   -1.1117623450E-07
   -1.2320644823E-07   -1.2006530689E-07   -1.1202216621E+00
    3.2321615470E-01   -1.6678199566E-01    9.1367862684E-08
   -1.9610493250E-01    2.0518229797E-01    1.0771156198E-07
    9.7851779205E-08    1.0158610083E-07    5.8506329080E-01
    3.2757404641E-01    1.2337961955E-01    3.3838180621E-08
    1.7486334780E-01    2.2066818756E-01    3.5353857209E-09
    2.5695329986E-08    1.8336515382E-08    5.3523061630E-01

#
# The IR spectrum
#  wavenumber eps Int TX TY TZ
#
$ir_spectrum
9
      0.00   0.00000000   0.00000000     0.000000     0.000000     0.000000
      0.00   0.00000000   0.00000000     0.000000     0.000000     0.000000
      0.00   0.00000000   0.00000000     0.000000     0.000000     0.000000
      0.00   0.00000000   0.00000000     0.000000     0.000000     0.000000
      0.00   0.00000000   0.00000000     0.000000     0.000000     0.000000
      0.00   0.00000000   0.00000000     0.000000     0.000000     0.000000
  -9115.87   0.00000000   0.00000000     0.000000     0.000000     0.000000
  16038.66   0.00574578  29.03681270     0.010129    -0.003031    -0.000000
  20548.91   0.00517854  26.17023984    -0.008862    -0.000318     0.000000


$end

