
$orca_hessian_file

$act_atom
  0

$act_coord
  0

$act_energy
        0.000000

$multiplicity
  1

$hessian
12
                    0                  1                  2                  3                  4        
    0      9.1218699585E+00  -3.0995045698E-01   1.0170202208E+00  -7.2493019072E+00   2.2716967334E-01
    1     -3.0995045698E-01   5.7426976132E+00   2.5892739751E-01   2.0222219350E-01   2.0100727571E+00
    2      1.0170202208E+00   2.5892739751E-01  -1.3705646756E+00   3.5627493001E+00  -8.9544600228E-02
    3     -7.2493019072E+00   2.0222219350E-01   3.5627493001E+00   7.1835586273E+00  -2.0707185822E-01
    4      2.2716967334E-01   2.0100727571E+00  -8.9544600228E-02  -2.0707185822E-01  -2.1083225716E+00
    5      3.8296042195E+00  -8.3114411185E-02   7.4535535089E-01  -3.6722359532E+00   8.9884332500E-02
    6     -1.0465559884E+00   4.2328818131E+00  -2.2893680288E+00   3.9168481833E-02   1.1557192338E-01
    7      4.1311919637E+00  -3.8076851267E+00   3.1149083314E+00  -8.0841132922E-02   5.0762821299E-02
    8     -2.4174385243E+00   3.4077269737E+00   3.7321178006E-01   4.8631268563E-02  -6.9852231911E-02
    9     -8.2601206297E-01  -4.1251253965E+00  -2.2903717961E+00   2.6574798022E-02  -1.3568366179E-01
   10     -4.0484393332E+00  -3.9450852435E+00  -3.2843058184E+00   8.5704720926E-02   4.7486993231E-02
   11     -2.4292156121E+00  -3.5835252703E+00   2.5199754463E-01   6.0827750494E-02   6.9511775224E-02
                    5                  6                  7                  8                  9        
    0      3.8296042195E+00  -1.0465559884E+00   4.1311919637E+00  -2.4174385243E+00  -8.2601206297E-01
    1     -8.3114411185E-02   4.2328818131E+00  -3.8076851267E+00   3.4077269737E+00  -4.1251253965E+00
    2      7.4535535089E-01  -2.2893680288E+00   3.1149083314E+00   3.7321178006E-01  -2.2903717961E+00
    3     -3.6722359532E+00   3.9168481833E-02  -8.0841132922E-02   4.8631268563E-02   2.6574798022E-02
    4      8.9884332500E-02   1.1557192338E-01   5.0762821299E-02  -6.9852231911E-02  -1.3568366179E-01
    5     -8.2000459284E-01  -7.5244139545E-02   1.1877211304E-03   3.3984584099E-02  -8.2096492667E-02
    6     -7.5244139545E-02   9.4898719278E-01  -4.2004256759E+00   2.3548476269E+00   5.8400313772E-02
    7      1.1877211304E-03  -4.2004256759E+00   3.8448667468E+00  -3.2268779331E+00   1.5015998526E-01
    8      3.3984584099E-02   2.3548476269E+00  -3.2268779331E+00  -4.7235205395E-01   1.3935559385E-02
    9     -8.2096492667E-02   5.8400313772E-02   1.5015998526E-01   1.3935559385E-02   7.4103695117E-01
   10     -7.9569180317E-03  -1.4811320065E-01  -8.7944441388E-02  -1.1097791823E-01   4.1107484430E+00
   11      4.0664657846E-02   9.7886109596E-03   1.1076299018E-01   6.5155689796E-02   2.3585659900E+00
                   10                 11        
     0     -4.0484393332E+00  -2.4292156121E+00
     1     -3.9450852435E+00  -3.5835252703E+00
     2     -3.2843058184E+00   2.5199754463E-01
     3      8.5704720926E-02   6.0827750494E-02
     4      4.7486993231E-02   6.9511775224E-02
     5     -7.9569180317E-03   4.0664657846E-02
     6     -1.4811320065E-01   9.7886109596E-03
     7     -8.7944441388E-02   1.1076299018E-01
     8     -1.1097791823E-01   6.5155689796E-02
     9      4.1107484430E+00   2.3585659900E+00
    10      3.9855426917E+00   3.4032455798E+00
    11      3.4032455798E+00  -3.5781789227E-01

$vibrational_frequencies
12
    0        0.0000000000000000
    1        0.0000000000000000
    2        0.0000000000000000
    3        0.0000000000000000
    4        0.0000000000000000
    5        0.0000000000000000
    6    -8066.8365614087724680
    7    -7402.2117064940175624
    8    -7045.7900833918565695
    9    15092.7352173822946497
   10    15719.8366278360481374
   11    15867.9455339584037574

$normal_modes
12 12
                    0                  1                  2                  3                  4        
    0      0.0000000000E+00   0.0000000000E+00   0.0000000000E+00   0.0000000000E+00   0.0000000000E+00
    1      0.0000000000E+00   0.0000000000E+00   0.0000000000E+00   0.0000000000E+00   0.0000000000E+00
    2      0.0000000000E+00   0.0000000000E+00   0.0000000000E+00   0.0000000000E+00   0.0000000000E+00
    3      0.0000000000E+00   0.0000000000E+00   0.0000000000E+00   0.0000000000E+00   0.0000000000E+00
    4      0.0000000000E+00   0.0000000000E+00   0.0000000000E+00   0.0000000000E+00   0.0000000000E+00
    5      0.0000000000E+00   0.0000000000E+00   0.0000000000E+00   0.0000000000E+00   0.0000000000E+00
    6      0.0000000000E+00   0.0000000000E+00   0.0000000000E+00   0.0000000000E+00   0.0000000000E+00
    7      0.0000000000E+00   0.0000000000E+00   0.0000000000E+00   0.0000000000E+00   0.0000000000E+00
    8      0.0000000000E+00   0.0000000000E+00   0.0000000000E+00   0.0000000000E+00   0.0000000000E+00
    9      0.0000000000E+00   0.0000000000E+00   0.0000000000E+00   0.0000000000E+00   0.0000000000E+00
   10      0.0000000000E+00   0.0000000000E+00   0.0000000000E+00   0.0000000000E+00   0.0000000000E+00
   11      0.0000000000E+00   0.0000000000E+00   0.0000000000E+00   0.0000000000E+00   0.0000000000E+00
                    5                  6                  7                  8                  9        
    0      0.0000000000E+00   8.4786143548E-03  -3.9268799313E-03   6.0148900693E-02  -2.2195472809E-03
    1      0.0000000000E+00   1.8951412475E-03  -6.7076902577E-02  -3.2693626664E-03  -3.3935664087E-03
    2      0.0000000000E+00  -1.0969737395E-01  -3.3016654370E-03   1.1956404003E-02   4.6941387286E-02
    3      0.0000000000E+00   2.7095735321E-01   1.6129771548E-02   1.1708128697E-01   5.9851986724E-01
    4      0.0000000000E+00  -2.1101884404E-02   7.3997109981E-01   3.8990156800E-02  -1.3719327873E-02
    5      0.0000000000E+00   5.9367767992E-01   1.5282644457E-03   1.8170655475E-01  -2.2427722150E-01
    6      0.0000000000E+00  -2.0486578619E-01   4.1554771162E-01  -4.4710866410E-01  -3.1232291890E-01
    7      0.0000000000E+00   1.5864703176E-01   1.3306424005E-01  -4.6120049067E-01   4.3815211467E-01
    8      0.0000000000E+00   4.8395527663E-01  -2.1296867636E-01  -1.8729656167E-01  -2.2818294575E-01
    9      0.0000000000E+00  -1.8390897899E-01  -3.7711021412E-01  -5.0579172208E-01  -2.5535448925E-01
   10      0.0000000000E+00  -1.6387971427E-01   5.9054118861E-02   4.6764085258E-01  -3.7727635357E-01
   11      0.0000000000E+00   4.4670346892E-01   2.5731980454E-01  -1.6055419037E-01  -1.9982952690E-01
                   10                 11        
     0     -6.6142410947E-03  -8.3929824342E-02
     1      7.4198421243E-02  -4.0612829812E-03
     2      3.2011802019E-03  -6.6393072557E-03
     3      8.3830495871E-02   7.0975141383E-01
     4      7.4425851414E-03  -1.7294857129E-02
     5     -3.1493476711E-02  -2.7437024290E-01
     6      3.7883717560E-01   2.0790567824E-01
     7     -5.1346385573E-01  -3.0778130048E-01
     8      2.8160566231E-01   1.6044507098E-01
     9     -3.7075727959E-01   2.4861775868E-01
    10     -5.2502762460E-01   3.8151106904E-01
    11     -2.9459525215E-01   2.0618387899E-01

#
# The atoms: label  mass x y z (in bohrs)
#
$atoms
4
 N     14.00700      0.007414796819     0.001669861808     0.072482533970
 H      1.00800      0.963093150625    -0.021145807330    -0.301400045621
 H      1.00800     -0.544646161246     0.759643266008    -0.346193460055
 H      1.00800     -0.521481770173    -0.761701580053    -0.359611705944

$actual_temperature
  0.000000

$frequency_scale_factor
  1.000000

$dipole_derivatives
12
   -7.9260346660E-01   -9.4743238026E-03    3.2826047984E-02
   -9.1135281140E-03   -8.6378811459E-01    1.1042366792E-02
    3.3659891509E-02    9.9291782188E-03   -1.1181709438E+00
    2.3100023381E-01    3.6860433292E-03    2.3287310537E-01
    4.8497603874E-03    3.3522017177E-01   -8.1843609331E-03
    2.5490194796E-01   -1.9754708585E-03    4.0307834257E-01
    2.8183916510E-01    4.3317990960E-02   -1.3682769814E-01
    4.4312336737E-02    2.6756890761E-01    1.8362877786E-01
   -1.4305722616E-01    2.4289792376E-01    3.6482824911E-01
    2.7989017711E-01   -3.7526656552E-02   -1.2898656824E-01
   -4.0041060536E-02    2.6103117572E-01   -1.8648358609E-01
   -1.4562255896E-01   -2.5084531888E-01    3.5005038936E-01

#
# The IR spectrum
#  wavenumber eps Int TX TY TZ
#
$ir_spectrum
12
      0.00   0.00000000   0.00000000     0.000000     0.000000     0.000000
      0.00   0.00000000   0.00000000     0.000000     0.000000     0.000000
      0.00   0.00000000   0.00000000     0.000000     0.000000     0.000000
      0.00   0.00000000   0.00000000     0.000000     0.000000     0.000000
      0.00   0.00000000   0.00000000     0.000000     0.000000     0.000000
      0.00   0.00000000   0.00000000     0.000000     0.000000     0.000000
  -8066.84   0.00000000   0.00000000     0.000000     0.000000     0.000000
  -7402.21   0.00000000   0.00000000     0.000000     0.000000     0.000000
  -7045.79   0.00000000   0.00000000     0.000000     0.000000     0.000000
  15092.74   0.00101163   5.11235207     0.001313     0.000681     0.004328
  15719.84   0.00481383  24.32714784     0.001187    -0.009702     0.000179
  15867.95   0.00748646  37.83348255     0.012129     0.000338     0.000117


$end

