*************************************************
******************* ORCA 6.0.1 ******************
*************************************************
$Calculation_Status
   &GeometryIndex 1
   &ListStatus       OUT
   &VERSION [&Type "String"] "6.0.1"
   &PROGNAME [&Type "String"] "LeanSCF"
   &STATUS [&Type "String"] "NORMAL TERMINATION"
$End
$Geometry
   &GeometryIndex 1
   &ListStatus       OUT
   &NATOMS [&Type "Integer"] 4
   &NCORELESSECP [&Type "Integer"] 0
   &NGHOSTATOMS [&Type "Integer"] 0
   &CartesianCoordinates [&Type "Coordinates", &Dim(4,4), &Units "Bohr"] 
              N      0.002270942666    0.000514995158    0.156180533106
              H      0.957949296472   -0.022300673980   -0.217702046485
              H     -0.549790015399    0.758488399358   -0.262495460918
              H     -0.526625624326   -0.762856446703   -0.275913706807
$End
$SCF_Energy
   &GeometryIndex 1
   &ListStatus       OUT
   &SCF_ENERGY [&Type "Double"]      -5.4585466579232389e+01
$End
$DFT_Energy
   &GeometryIndex 1
   &ListStatus       OUT
   &NALPHAEL [&Type "Integer"] 5
   &NBETAEL [&Type "Integer"] 5
   &NTOTALEL [&Type "Integer"] 10
   &EEXCHANGE [&Type "Double"]      -6.8089770554140072e+00
   &ECORR [&Type "Double"]      -4.0798885200102813e-01
   &ECNL [&Type "Double"]       0.0000000000000000e+00
   &EXC [&Type "Double"]      -7.2169659074150356e+00
   &EEMBED [&Type "Double"]       0.0000000000000000e+00
   &FINALEN [&Type "Double"]      -5.4585466579232389e+01  "No Van der Waals correction"
$End
$Mulliken_Population_Analysis
   &GeometryIndex 1
   &ListStatus       OUT
   &NATOMS [&Type "Integer"] 4
   &ATNO [&Type "ArrayOfIntegers", &Dim (4,1)] 
                                                         0

0                                                        7
1                                                        1
2                                                        1
3                                                        1
   &ATOMICCHARGES [&Type "ArrayOfDoubles", &Dim (4,1)] 
                                                         0

0                                      9.3593420629596480e-01
1                                     -3.4379543154968206e-01
2                                     -3.0040368210316437e-01
3                                     -2.9173509264310438e-01
$End
$Loewdin_Population_Analysis
   &GeometryIndex 1
   &ListStatus       OUT
   &NATOMS [&Type "Integer"] 4
   &ATNO [&Type "ArrayOfIntegers", &Dim (4,1)] 
                                                         0

0                                                        7
1                                                        1
2                                                        1
3                                                        1
   &ATOMICCHARGES [&Type "ArrayOfDoubles", &Dim (4,1)] 
                                                         0

0                                      4.1355986136930145e-01
1                                     -1.4286973649491119e-01
2                                     -1.3555099291508310e-01
3                                     -1.3513913195928273e-01
$End
$Mayer_Population_Analysis
   &GeometryIndex 1
   &ListStatus       OUT
   &NATOMS [&Type "Integer"] 4 "Total number of atoms"
   &BONDTHRESH [&Type "Double"]       1.0000000000000001e-01  "The threshold for printing"
   &NBONDORDERSPRINT [&Type "Integer"] 6 "The number of bond orders larger than threshold"
   &BONDORDERS [&Type "ArrayOfDoubles", &Dim (6,1)] "The bond orders"
                                                         0

0                                      3.3767061064733250e-01
1                                      3.3517088807355555e-01
2                                      3.2614027028680359e-01
3                                      2.4793109865249130e-01
4                                      2.5047006467652067e-01
5                                      2.4556569859699895e-01
   &COMPONENTS [&Type "ArrayOfIntegers", &Dim (6,4)] "The indices and atomic numbers of the bonding atoms"
                                                         0                           1                           2                           3

0                                                        0                           7                           1                           1
1                                                        0                           7                           2                           1
2                                                        0                           7                           3                           1
3                                                        1                           1                           2                           1
4                                                        1                           1                           3                           1
5                                                        2                           1                           3                           1
   &ATNO [&Type "ArrayOfIntegers", &Dim (4,1)] "Atomic number of the elements"
                                                         0

0                                                        7
1                                                        1
2                                                        1
3                                                        1
   &NA [&Type "ArrayOfDoubles", &Dim (4,1)] "Mulliken gross atomic population"
                                                         0

0                                      6.0640657937040370e+00
1                                      1.3437954315496814e+00
2                                      1.3004036821031635e+00
3                                      1.2917350926431044e+00
   &ZA [&Type "ArrayOfDoubles", &Dim (4,1)] "Total nuclear charge"
                                                         0

0                                      7.0000000000000000e+00
1                                      1.0000000000000000e+00
2                                      1.0000000000000000e+00
3                                      1.0000000000000000e+00
   &QA [&Type "ArrayOfDoubles", &Dim (4,1)] "Mulliken gross atomic charge"
                                                         0

0                                      9.3593420629596302e-01
1                                     -3.4379543154968140e-01
2                                     -3.0040368210316348e-01
3                                     -2.9173509264310438e-01
   &VA [&Type "ArrayOfDoubles", &Dim (4,1)] "Mayer's total valence"
                                                         0

0                                      9.9898176900769775e-01
1                                      8.3607177397634358e-01
2                                      8.2866768532305402e-01
3                                      8.2217603356033098e-01
   &BVA [&Type "ArrayOfDoubles", &Dim (4,1)] "Mayer's bonded valence"
                                                         0

0                                      9.9898176900769164e-01
1                                      8.3607177397634447e-01
2                                      8.2866768532304580e-01
3                                      8.2217603356032321e-01
   &FA [&Type "ArrayOfDoubles", &Dim (4,1)] "Mayer's free valence"
                                                         0

0                                      0.0000000000000000e+00
1                                      0.0000000000000000e+00
2                                      0.0000000000000000e+00
3                                      0.0000000000000000e+00
$End
$SCF_Nuc_Gradient
   &GeometryIndex 1
   &ListStatus       OUT
   &NATOMS [&Type "Integer"] 4
   &ROOT [&Type "Integer"] 0
   &GRADNORM [&Type "Double"]       5.0437217290431402e+00
   &GRAD [&Type "ArrayOfDoubles", &Dim (12,1)] 
                                                         0

0                                     -2.4351774302426166e-01
1                                     -7.4970140026463364e-02
2                                     -2.7732301970692226e+00
3                                     -2.2640015168168963e+00
4                                      4.4108264721837230e-02
5                                      8.5448951933827733e-01
6                                      1.2691471783282255e+00
7                                     -1.8337954211403549e+00
8                                      9.3980444594801082e-01
9                                      1.2383720815395487e+00
10                                     1.8646572964544268e+00
11                                     9.7893623191828261e-01
$End
$SCF_Dipole_Moment
   &GeometryIndex 1
   &ListStatus       OUT
   &METHOD [&Type "String"] "SCF"
   &LEVEL [&Type "String"] "Relaxed density"
   &MULT [&Type "Integer"] 1
   &STATE [&Type "Integer"] -1
   &IRREP [&Type "Integer"] 0
   &NATOMS [&Type "Integer"] 4
   &DODIPOLEATOM [&Type "Boolean"] false
   &DIPOLEELECCONTRIB [&Type "ArrayOfDoubles", &Dim (3,1)] "Electronic contribution"
                                                         0

0                                      2.4325098023612005e-02
1                                      4.8479087840457638e-03
2                                     -2.2570597495738845e-01
   &DIPOLENUCCONTRIB [&Type "ArrayOfDoubles", &Dim (3,1)] "Nuclear contribution"
                                                         0

0                                     -5.1131203062438790e-02
1                                     -1.1515088718457411e-02
2                                     -4.9982747383242260e-01
   &DIPOLETOTAL [&Type "ArrayOfDoubles", &Dim (3,1)] "Total"
                                                         0

0                                     -2.6806105038826786e-02
1                                     -6.6671799344116475e-03
2                                     -7.2553344878981108e-01
   &DIPOLEMAGNITUDE [&Type "Double", &Units "a.u."]       7.2605909116852729e-01
$End
$SCF_Polarizability
   &GeometryIndex 1
   &ListStatus       OUT
   &METHOD [&Type "String"] "SCF"
   &LEVEL [&Type "String"] "Relaxed density"
   &MULT [&Type "Integer"] 1
   &STATE [&Type "Integer"] -1
   &IRREP [&Type "Integer"] 0
   &NATOMS [&Type "Integer"] 4
   &DODIPOLEATOM [&Type "Boolean"] false
   &RAWCARTESIAN [&Type "ArrayOfDoubles", &Units "a.u", &Dim (3,3)] 
                                                         0                           1                           2

0                                      3.4830044732201442e+00        -2.2271962178800515e-03        -1.8048051659186673e-02
1                                     -2.2271962178800515e-03         3.4408235323554206e+00        -1.1325344188893631e-02
2                                     -1.8048051659186673e-02        -1.1325344188893631e-02         3.7970126088174747e+00
   &DIAGONALIZEDTENSOR [&Type "ArrayOfDoubles", &Dim (3,1)] 
                                                         0

0                                      3.4402764696610046e+00
1                                      3.4821680560604116e+00
2                                      3.7983960886716250e+00
   &ORIENTATION [&Type "ArrayOfDoubles", &Dim (3,3)] 
                                                         0                           1                           2

0                                     -6.6775148817235105e-02         9.9614527711666911e-01        -5.6882918161704647e-02
1                                     -9.9715275987405561e-01        -6.8627255052293612e-02        -3.1251773382356296e-02
2                                     -3.5035024989156706e-02         5.4634117016224483e-02         9.9789160748142713e-01
   &ISOTROPICPOLAR [&Type "Double"]       3.5736135381310135e+00
$End
$THERMOCHEMISTRY_Energies
   &GeometryIndex 1
   &ListStatus       OUT
   &TEMPERATURE [&Type "Double"]       2.9814999999999998e+02
   &PRESSURE [&Type "Double"]       1.0000000000000000e+00
   &TOTALMASS [&Type "Double"]       1.7030999999999999e+01
   &SPINDEGENERACY [&Type "Integer"] 1
   &ELENERGY [&Type "Double"]      -5.4585466579232389e+01
   &TRANSENERGY [&Type "Double"]       1.4162714244859817e-03
   &ROTENERGY [&Type "Double"]       1.4162714244859817e-03
   &VIBENERGY [&Type "Double"]       1.7335648659509403e-33
   &NUMOFFREQS [&Type "Integer"] 12
   &FREQSCALINGFACTOR [&Type "Double"]       1.0000000000000000e+00
   &FREQ [&Type "ArrayOfDoubles", &Dim (12,1)] "In cm^-1"
                                                         0

0                                      0.0000000000000000e+00
1                                      0.0000000000000000e+00
2                                      0.0000000000000000e+00
3                                      0.0000000000000000e+00
4                                      0.0000000000000000e+00
5                                      0.0000000000000000e+00
6                                     -8.0668365614087725e+03
7                                     -7.4022117064940176e+03
8                                     -7.0457900833918566e+03
9                                      1.5092735217382295e+04
10                                     1.5719836627836048e+04
11                                     1.5867945533958404e+04
   &ZPE [&Type "Double"]       1.0634604362330115e-01
   &INNERENERGYU [&Type "Double"]      -5.4476287992760106e+01
   &ENTHALPYH [&Type "Double"]      -5.4475343783717847e+01
   &QEL [&Type "Double"]       0.0000000000000000e+00
   &QROT [&Type "Double"]       4.6970082449957727e-03
   &QVIB [&Type "Double"]      -5.2760709902921731e-12
   &QTRANS [&Type "Double"]       1.6364250539629886e-02
   &ENTROPYS [&Type "Double"]       2.1061258779349588e-02
   &FREEENERGYG [&Type "Double"]      -5.4496405042497194e+01
   &ISLINEAR [&Type "Boolean"] false
$End
$Hessian
   &GeometryIndex 1
   &ListStatus       OUT
   &HESSIAN [&Type "ArrayOfDoubles", &Dim (12,12)] "The Hessian"
                                                         0                           1                           2                           3                           4                           5                           6                           7

0                                      9.1218699585130079e+00        -3.0995045697895041e-01         1.0170202208102497e+00        -7.2493019071598122e+00         2.2716967334158789e-01         3.8296042194976985e+00        -1.0465559883843798e+00         4.1311919637092904e+00
1                                     -3.0995045697895041e-01         5.7426976131775103e+00         2.5892739750727412e-01         2.0222219350042323e-01         2.0100727570589454e+00        -8.3114411184994186e-02         4.2328818131026855e+00        -3.8076851267123430e+00
2                                      1.0170202208102497e+00         2.5892739750727412e-01        -1.3705646755761740e+00         3.5627493001475212e+00        -8.9544600227659032e-02         7.4535535089179705e-01        -2.2893680287844704e+00         3.1149083313566339e+00
3                                     -7.2493019071598122e+00         2.0222219350042323e-01         3.5627493001475212e+00         7.1835586273049223e+00        -2.0707185821805479e-01        -3.6722359532445967e+00         3.9168481833082969e-02        -8.0841132921713604e-02
4                                      2.2716967334158789e-01         2.0100727570589454e+00        -8.9544600227659032e-02        -2.0707185821805479e-01        -2.1083225715888410e+00         8.9884332500179132e-02         1.1557192338331471e-01         5.0762821299355138e-02
5                                      3.8296042194976985e+00        -8.3114411184994186e-02         7.4535535089179705e-01        -3.6722359532445967e+00         8.9884332500179132e-02        -8.2000459283596427e-01        -7.5244139544863919e-02         1.1877211303860935e-03
6                                     -1.0465559883843798e+00         4.2328818131026855e+00        -2.2893680287844704e+00         3.9168481833082969e-02         1.1557192338331471e-01        -7.5244139544863919e-02         9.4898719277885712e-01        -4.2004256759416121e+00
7                                      4.1311919637092904e+00        -3.8076851267123430e+00         3.1149083313566339e+00        -8.0841132921713604e-02         5.0762821299355138e-02         1.1877211303860935e-03        -4.2004256759416121e+00         3.8448667468014066e+00
8                                     -2.4174385242834489e+00         3.4077269737488693e+00         3.7321178005841638e-01         4.8631268562592381e-02        -6.9852231910783491e-02         3.3984584098518081e-02         2.3548476268527558e+00        -3.2268779331388693e+00
9                                     -8.2601206296881680e-01        -4.1251253965331394e+00        -2.2903717961202124e+00         2.6574798021807011e-02        -1.3568366179305288e-01        -8.2096492667370222e-02         5.8400313772439774e-02         1.5015998526022176e-01
10                                    -4.0484393331629471e+00        -3.9450852435241131e+00        -3.2843058183830407e+00         8.5704720925550287e-02         4.7486993230540508e-02        -7.9569180317057425e-03        -1.4811320065057365e-01        -8.7944441388418393e-02
11                                    -2.4292156120775874e+00        -3.5835252703243574e+00         2.5199754462596052e-01         6.0827750493614996e-02         6.9511775224398081e-02         4.0664657845649044e-02         9.7886109595894250e-03         1.1076299018282454e-01
                                                         8                           9                          10                          11

0                                     -2.4174385242834489e+00        -8.2601206296881680e-01        -4.0484393331629471e+00        -2.4292156120775874e+00
1                                      3.4077269737488693e+00        -4.1251253965331394e+00        -3.9450852435241131e+00        -3.5835252703243574e+00
2                                      3.7321178005841638e-01        -2.2903717961202124e+00        -3.2843058183830407e+00         2.5199754462596052e-01
3                                      4.8631268562592381e-02         2.6574798021807011e-02         8.5704720925550287e-02         6.0827750493614996e-02
4                                     -6.9852231910783491e-02        -1.3568366179305288e-01         4.7486993230540508e-02         6.9511775224398081e-02
5                                      3.3984584098518081e-02        -8.2096492667370222e-02        -7.9569180317057425e-03         4.0664657845649044e-02
6                                      2.3548476268527558e+00         5.8400313772439774e-02        -1.4811320065057365e-01         9.7886109595894250e-03
7                                     -3.2268779331388693e+00         1.5015998526022176e-01        -8.7944441388418393e-02         1.1076299018282454e-01
8                                     -4.7235205395270730e-01         1.3935559385089662e-02        -1.1097791823019110e-01         6.5155689795772881e-02
9                                      1.3935559385089662e-02         7.4103695117457002e-01         4.1107484429769707e+00         2.3585659900134379e+00
10                                    -1.1097791823019110e-01         4.1107484429769707e+00         3.9855426916819909e+00         3.4032455797810366e+00
11                                     6.5155689795772881e-02         2.3585659900134379e+00         3.4032455797810366e+00        -3.5781789226738248e-01
   &MODES [&Type "ArrayOfDoubles", &Dim (12,12)] "The modes of vibrations"
                                                         0                           1                           2                           3                           4                           5                           6                           7

0                                      0.0000000000000000e+00         0.0000000000000000e+00         0.0000000000000000e+00         0.0000000000000000e+00         0.0000000000000000e+00         0.0000000000000000e+00         7.8539201671019888e-03        -3.8018964007463943e-03
1                                      0.0000000000000000e+00         0.0000000000000000e+00         0.0000000000000000e+00         0.0000000000000000e+00         0.0000000000000000e+00         0.0000000000000000e+00         1.7555095019759705e-03        -6.4941999486483271e-02
2                                      0.0000000000000000e+00         0.0000000000000000e+00         0.0000000000000000e+00         0.0000000000000000e+00         0.0000000000000000e+00         0.0000000000000000e+00        -1.0161500234246879e-01        -3.1965810417164753e-03
3                                      0.0000000000000000e+00         0.0000000000000000e+00         0.0000000000000000e+00         0.0000000000000000e+00         0.0000000000000000e+00         0.0000000000000000e+00         2.5099353876977126e-01         1.5616398124786589e-02
4                                      0.0000000000000000e+00         0.0000000000000000e+00         0.0000000000000000e+00         0.0000000000000000e+00         0.0000000000000000e+00         0.0000000000000000e+00        -1.9547122742917658e-02         7.1641952651050489e-01
5                                      0.0000000000000000e+00         0.0000000000000000e+00         0.0000000000000000e+00         0.0000000000000000e+00         0.0000000000000000e+00         0.0000000000000000e+00         5.4993621693335426e-01         1.4796233134997054e-03
6                                      0.0000000000000000e+00         0.0000000000000000e+00         0.0000000000000000e+00         0.0000000000000000e+00         0.0000000000000000e+00         0.0000000000000000e+00        -1.8977151953742419e-01         4.0232178645706423e-01
7                                      0.0000000000000000e+00         0.0000000000000000e+00         0.0000000000000000e+00         0.0000000000000000e+00         0.0000000000000000e+00         0.0000000000000000e+00         1.4695810777895299e-01         1.2882911221559035e-01
8                                      0.0000000000000000e+00         0.0000000000000000e+00         0.0000000000000000e+00         0.0000000000000000e+00         0.0000000000000000e+00         0.0000000000000000e+00         4.4829802937625202e-01        -2.0619037461794501e-01
9                                      0.0000000000000000e+00         0.0000000000000000e+00         0.0000000000000000e+00         0.0000000000000000e+00         0.0000000000000000e+00         0.0000000000000000e+00        -1.7035878488770190e-01        -3.6510766584647902e-01
10                                     0.0000000000000000e+00         0.0000000000000000e+00         0.0000000000000000e+00         0.0000000000000000e+00         0.0000000000000000e+00         0.0000000000000000e+00        -1.5180525249057639e-01         5.7174562471495521e-02
11                                     0.0000000000000000e+00         0.0000000000000000e+00         0.0000000000000000e+00         0.0000000000000000e+00         0.0000000000000000e+00         0.0000000000000000e+00         4.1379089040761702e-01         2.4912990869663049e-01
                                                         8                           9                          10                          11

0                                      5.8503900643580679e-02        -2.1797414270935591e-03        -6.3637708796451019e-03        -8.0011031872899457e-02
1                                     -3.1799495318867135e-03        -3.3327054351775104e-03         7.1388651496947966e-02        -3.8716564058477376e-03
2                                      1.1629410741743940e-02         4.6099530022968065e-02         3.0799568775581373e-03        -6.3293093798028194e-03
3                                      1.1387925467303721e-01         5.8778587903725077e-01         8.0655975616030107e-02         6.7661219881513290e-01
4                                      3.7923822933180668e-02        -1.3473282400564432e-02         7.1607469269063364e-03        -1.6487337794810861e-02
5                                      1.7673709914420596e-01        -2.2025498401165239e-01        -3.0300871577937098e-02        -2.6155954002876458e-01
6                                     -4.3488078020027743e-01        -3.0672165031903348e-01         3.6449124724949933e-01         1.9819829218727705e-01
7                                     -4.4858721226577702e-01         4.3029419735152247e-01        -4.9401984084036060e-01        -2.9341059195786962e-01
8                                     -1.8217422610267417e-01        -2.2409066213566337e-01         2.7094172826467849e-01         1.5295368230085371e-01
9                                     -4.9195892716585010e-01        -2.5077490513756318e-01        -3.5671732335046114e-01         2.3700947273142231e-01
10                                     4.5485143803610556e-01        -3.7051019567463728e-01        -5.0514570917955226e-01         3.6369782189227290e-01
11                                    -1.5616322647368211e-01        -1.9624573979684495e-01        -2.8343942413114309e-01         1.9655688598475421e-01
$End
