
$orca_hessian_file

$act_atom
  0

$act_coord
  0

$act_energy
        0.000000

$multiplicity
  1

$hessian
9
                    0                  1                  2                  3                  4        
    0      1.4963835901E+01  -2.6252560471E-05  -5.7339841554E-06  -7.4819213577E+00  -6.7790142691E+00
    1     -2.6252560471E-05   2.7022529592E+00   8.1738866824E-07  -6.5243828054E+00  -1.3511143993E+00
    2     -5.7339841554E-06   8.1738866824E-07  -6.1475113999E+00   2.2753717887E-06   1.4280742813E-06
    3     -7.4819213577E+00  -6.5243828054E+00   2.2753717887E-06   7.4755501897E+00   6.6516986680E+00
    4     -6.7790142691E+00  -1.3511143993E+00   1.4280742813E-06   6.6516986680E+00   1.2838646725E+00
    5      2.2461749791E-06   1.3588143439E-06   3.0737512969E+00  -2.2598989399E-06  -1.3922122585E-06
    6     -7.4819145430E+00   6.5244090652E+00   3.4565583415E-06   6.3711680536E-03   1.2756377852E-01
    7      6.7790405144E+00  -1.3511385599E+00  -2.2360567543E-06  -1.2756404002E-01   6.7249726785E-02
    8      3.4898632015E-06  -2.1856092073E-06   3.0737601029E+00  -5.5920450625E-09  -3.3330422701E-08
                    5                  6                  7                  8        
     0      2.2461749791E-06  -7.4819145430E+00   6.7790405144E+00   3.4898632015E-06
     1      1.3588143439E-06   6.5244090652E+00  -1.3511385599E+00  -2.1856092073E-06
     2      3.0737512969E+00   3.4565583415E-06  -2.2360567543E-06   3.0737601029E+00
     3     -2.2598989399E-06   6.3711680536E-03  -1.2756404002E-01  -5.5920450625E-09
     4     -1.3922122585E-06   1.2756377852E-01   6.7249726785E-02  -3.3330422701E-08
     5     -3.1054251215E+00   3.8431571366E-09   3.0866314543E-08   3.1673824610E-02
     6      3.8431571366E-09   7.4755433749E+00  -6.6517246591E+00  -3.4723363275E-06
     7      3.0866314543E-08  -6.6517246591E+00   1.2838888331E+00   2.2120650349E-06
     8      3.1673824610E-02  -3.4723363275E-06   2.2120650349E-06  -3.1054339275E+00

$vibrational_frequencies
9
    0        0.0000000000000000
    1        0.0000000000000000
    2        0.0000000000000000
    3        0.0000000000000000
    4        0.0000000000000000
    5        0.0000000000000000
    6    -8926.1704865171268466
    7    17758.2189268027686921
    8    18364.4424952268418565

$normal_modes
9 9
                    0                  1                  2                  3                  4        
    0      0.0000000000E+00   0.0000000000E+00   0.0000000000E+00   0.0000000000E+00   0.0000000000E+00
    1      0.0000000000E+00   0.0000000000E+00   0.0000000000E+00   0.0000000000E+00   0.0000000000E+00
    2      0.0000000000E+00   0.0000000000E+00   0.0000000000E+00   0.0000000000E+00   0.0000000000E+00
    3      0.0000000000E+00   0.0000000000E+00   0.0000000000E+00   0.0000000000E+00   0.0000000000E+00
    4      0.0000000000E+00   0.0000000000E+00   0.0000000000E+00   0.0000000000E+00   0.0000000000E+00
    5      0.0000000000E+00   0.0000000000E+00   0.0000000000E+00   0.0000000000E+00   0.0000000000E+00
    6      0.0000000000E+00   0.0000000000E+00   0.0000000000E+00   0.0000000000E+00   0.0000000000E+00
    7      0.0000000000E+00   0.0000000000E+00   0.0000000000E+00   0.0000000000E+00   0.0000000000E+00
    8      0.0000000000E+00   0.0000000000E+00   0.0000000000E+00   0.0000000000E+00   0.0000000000E+00
                    5                  6                  7                  8        
     0      0.0000000000E+00   7.8042630387E-08   1.2355531071E-06   7.4761270174E-02
     1      0.0000000000E+00   7.2832374107E-02   4.6944902734E-02  -8.5400071878E-07
     2      0.0000000000E+00   6.6878232698E-09   4.3103878588E-09  -2.0294884630E-08
     3      0.0000000000E+00   4.0406045890E-01  -6.0009365882E-01  -5.9329660590E-01
     4      0.0000000000E+00  -5.7799876636E-01  -3.7256089112E-01  -3.8103518194E-01
     5      0.0000000000E+00  -1.6276168621E-07   1.2869185857E-07   1.2606856732E-07
     6      0.0000000000E+00  -4.0406169759E-01   6.0007404809E-01  -5.9331605432E-01
     7      0.0000000000E+00  -5.7799840957E-01  -3.7254972280E-01   3.8104873666E-01
     8      0.0000000000E+00   5.6612396076E-08  -1.9710643703E-07   1.9605232513E-07

#
# The atoms: label  mass x y z (in bohrs)
#
$atoms
3
 O     15.99900     -0.000000077029    -0.058611509620    -0.000000005382
 H      1.00800      0.815517250307     0.465141096223    -0.000000178670
 H      1.00800     -0.815516027700     0.465142179981     0.000000264093

$actual_temperature
  0.000000

$frequency_scale_factor
  1.000000

$dipole_derivatives
9
   -6.1492450308E-01   -1.4662937932E-07   -1.5066285832E-07
   -6.6100581321E-08   -5.5008391311E-01    5.9393269355E-08
   -1.5114963639E-07    5.5348756449E-08   -1.1742126672E+00
    3.0762398663E-01   -1.6220513776E-01    6.1102087574E-08
   -1.7865540308E-01    2.7495078515E-01    1.9169648049E-08
    5.9366201296E-08    1.6859732485E-08    5.8708065020E-01
    3.0762450128E-01    1.6220528440E-01    8.9844702609E-08
    1.7865546974E-01    2.7495018368E-01   -7.8537924839E-08
    9.2243764572E-08   -7.2124942439E-08    5.8708087884E-01

#
# The IR spectrum
#  wavenumber eps Int TX TY TZ
#
$ir_spectrum
9
      0.00   0.00000000   0.00000000     0.000000     0.000000     0.000000
      0.00   0.00000000   0.00000000     0.000000     0.000000     0.000000
      0.00   0.00000000   0.00000000     0.000000     0.000000     0.000000
      0.00   0.00000000   0.00000000     0.000000     0.000000     0.000000
      0.00   0.00000000   0.00000000     0.000000     0.000000     0.000000
      0.00   0.00000000   0.00000000     0.000000     0.000000     0.000000
  -8926.17   0.00000000   0.00000000     0.000000     0.000000     0.000000
  17758.22   0.00024040   1.21490137    -0.000000    -0.002055    -0.000000
  18364.44   0.01334792  67.45489680    -0.015060     0.000000     0.000000


$end

