
$orca_hessian_file

$act_atom
  0

$act_coord
  0

$act_energy
        0.000000

$multiplicity
  1

$hessian
12
                    0                  1                  2                  3                  4        
    0      8.5541926426E+00  -1.2443703942E-04  -2.5211906000E-03  -7.7185191879E+00   7.6210595121E-04
    1     -1.2443703942E-04   8.5601008317E+00   3.8625200969E-04   7.3764451462E-04   2.0157659105E+00
    2     -2.5211906000E-03   3.8625200969E-04  -3.6439374135E+00   3.1485608372E+00  -2.5215719443E-04
    3     -7.7185191879E+00   7.3764451462E-04   3.1485608372E+00   7.6508778583E+00  -7.4720412856E-04
    4      7.6210595121E-04   2.0157659105E+00  -2.5215719443E-04  -7.4720412856E-04  -2.1213341177E+00
    5      3.3320716595E+00  -2.5397483780E-04   1.2133024589E+00  -3.2072412782E+00   2.5196036792E-04
    6     -4.1745073608E-01   4.2159217927E+00  -1.5727005698E+00   3.3826714184E-02   1.2436854682E-01
    7      4.2154366345E+00  -5.2882633156E+00   2.7249401431E+00  -9.1472429071E-02   5.2783469346E-02
    8     -1.6646630570E+00   2.8841443994E+00   1.2153374396E+00   2.9349821944E-02  -5.5034657141E-02
    9     -4.1822271868E-01  -4.2165350858E+00  -1.5731158643E+00   3.3814615387E-02  -1.2438333663E-01
   10     -4.2160742178E+00  -5.2876034266E+00  -2.7250744999E+00   9.1481876672E-02   5.2784737814E-02
   11     -1.6651106245E+00  -2.8842764146E+00   1.2152975149E+00   2.9366656700E-02   5.5034812255E-02
                    5                  6                  7                  8                  9        
    0      3.3320716595E+00  -4.1745073608E-01   4.2154366345E+00  -1.6646630570E+00  -4.1822271868E-01
    1     -2.5397483780E-04   4.2159217927E+00  -5.2882633156E+00   2.8841443994E+00  -4.2165350858E+00
    2      1.2133024589E+00  -1.5727005698E+00   2.7249401431E+00   1.2153374396E+00  -1.5731158643E+00
    3     -3.2072412782E+00   3.3826714184E-02  -9.1472429071E-02   2.9349821944E-02   3.3814615387E-02
    4      2.5196036792E-04   1.2436854682E-01   5.2783469346E-02  -5.5034657141E-02  -1.2438333663E-01
    5     -1.2806863651E+00  -6.2430091668E-02  -2.0614074376E-03   3.3687810246E-02  -6.2436327203E-02
    6     -6.2430091668E-02   3.2132002454E-01  -4.2321248707E+00   1.6023205256E+00   6.2303997348E-02
    7     -2.0614074376E-03  -4.2321248707E+00   5.2116146193E+00  -2.7759936078E+00   1.0833238959E-01
    8      3.3687810246E-02   1.6023205256E+00  -2.7759936078E+00  -1.2825603631E+00   3.2899156017E-02
    9     -6.2436327203E-02   6.2303997348E-02   1.0833238959E-01   3.2899156017E-02   3.2210410594E-01
   10      2.0634636192E-03  -1.0833719310E-01   2.3865226972E-02  -5.2997310182E-02   4.2327577835E+00
   11      3.3696095975E-02   3.2903689307E-02   5.2996047877E-02   3.3535113209E-02   1.6027466569E+00
                   10                 11        
     0     -4.2160742178E+00  -1.6651106245E+00
     1     -5.2876034266E+00  -2.8842764146E+00
     2     -2.7250744999E+00   1.2152975149E+00
     3      9.1481876672E-02   2.9366656700E-02
     4      5.2784737814E-02   5.5034812255E-02
     5      2.0634636192E-03   3.3696095975E-02
     6     -1.0833719310E-01   3.2903689307E-02
     7      2.3865226972E-02   5.2996047877E-02
     8     -5.2997310182E-02   3.3535113209E-02
     9      4.2327577835E+00   1.6027466569E+00
    10      5.2109534618E+00   2.7761269505E+00
    11      2.7761269505E+00  -1.2825287241E+00

$vibrational_frequencies
12
    0        0.0000000000000000
    1        0.0000000000000000
    2        0.0000000000000000
    3        0.0000000000000000
    4        0.0000000000000000
    5        0.0000000000000000
    6    -8359.9434704693267122
    7    -7444.2153189801947519
    8    -7442.9982332256167865
    9    15058.3184252461014694
   10    15885.5017819914155552
   11    15886.9110115133607906

$normal_modes
12 12
                    0                  1                  2                  3                  4        
    0      0.0000000000E+00   0.0000000000E+00   0.0000000000E+00   0.0000000000E+00   0.0000000000E+00
    1      0.0000000000E+00   0.0000000000E+00   0.0000000000E+00   0.0000000000E+00   0.0000000000E+00
    2      0.0000000000E+00   0.0000000000E+00   0.0000000000E+00   0.0000000000E+00   0.0000000000E+00
    3      0.0000000000E+00   0.0000000000E+00   0.0000000000E+00   0.0000000000E+00   0.0000000000E+00
    4      0.0000000000E+00   0.0000000000E+00   0.0000000000E+00   0.0000000000E+00   0.0000000000E+00
    5      0.0000000000E+00   0.0000000000E+00   0.0000000000E+00   0.0000000000E+00   0.0000000000E+00
    6      0.0000000000E+00   0.0000000000E+00   0.0000000000E+00   0.0000000000E+00   0.0000000000E+00
    7      0.0000000000E+00   0.0000000000E+00   0.0000000000E+00   0.0000000000E+00   0.0000000000E+00
    8      0.0000000000E+00   0.0000000000E+00   0.0000000000E+00   0.0000000000E+00   0.0000000000E+00
    9      0.0000000000E+00   0.0000000000E+00   0.0000000000E+00   0.0000000000E+00   0.0000000000E+00
   10      0.0000000000E+00   0.0000000000E+00   0.0000000000E+00   0.0000000000E+00   0.0000000000E+00
   11      0.0000000000E+00   0.0000000000E+00   0.0000000000E+00   0.0000000000E+00   0.0000000000E+00
                    5                  6                  7                  8                  9        
    0      0.0000000000E+00  -2.9527665664E-06  -2.1295671174E-03  -7.0454425776E-02   6.7776055267E-05
    1      0.0000000000E+00   2.0456580096E-07   7.0441943492E-02  -2.1304202107E-03   1.4745779033E-05
    2      0.0000000000E+00  -1.1581425293E-01  -1.2457937877E-06  -1.4602984174E-05  -3.6965875099E-02
    3      0.0000000000E+00   2.0281399326E-01  -3.8138618441E-03  -1.2398595486E-01  -5.5151082922E-01
    4      0.0000000000E+00  -8.2610302953E-06  -7.7657544755E-01   2.3537460444E-02   4.4499653978E-05
    5      0.0000000000E+00   5.3637849057E-01  -6.3671848005E-03  -2.1035430982E-01   1.7151838953E-01
    6      0.0000000000E+00  -1.0137258624E-01  -3.7323946199E-01   5.6333227122E-01   2.7532720783E-01
    7      0.0000000000E+00   1.7546607824E-01  -8.9308595501E-02   3.9291492511E-01  -4.7706976137E-01
    8      0.0000000000E+00   5.3648472268E-01   1.8551487220E-01   9.9754503996E-02   1.7111202249E-01
    9      0.0000000000E+00  -1.0140037587E-01   4.0664543357E-01   5.3967664181E-01   2.7524181662E-01
   10      0.0000000000E+00  -1.7546065982E-01  -1.1296546338E-01  -3.8684842138E-01   4.7682035683E-01
   11      0.0000000000E+00   5.3647234303E-01  -1.7913037606E-01   1.1080272646E-01   1.7104122737E-01
                   10                 11        
     0      8.2192957678E-02   5.6992194168E-03
     1     -5.7016831634E-03   8.2205910997E-02
     2      1.3709324845E-05   9.3518750485E-06
     3     -7.7315529154E-01  -5.3461778821E-02
     4     -7.8128263206E-04   1.2137018649E-02
     5      2.4558277014E-01   1.6982657067E-02
     6     -2.0805095976E-01   3.2735987124E-01
     7      3.8067349464E-01  -5.5354429080E-01
     8     -1.3761577708E-01   2.0407359827E-01
     9     -1.6093338977E-01  -3.5309349556E-01
    10     -3.0066257305E-01  -6.0091236607E-01
    11     -1.0815749555E-01  -2.2118620743E-01

#
# The atoms: label  mass x y z (in bohrs)
#
$atoms
4
 N     14.00700     -0.000003468089     0.000000775359     0.055829529536
 H      1.00800      0.974928097005    -0.000074934251    -0.258774154426
 H      1.00800     -0.487404454667     0.844403677433    -0.258504612583
 H      1.00800     -0.487475450355    -0.844339517443    -0.258519070500

$actual_temperature
  0.000000

$frequency_scale_factor
  1.000000

$dipole_derivatives
12
   -7.4683414741E-01   -7.9471447906E-06   -8.5388804924E-05
   -7.9334211563E-06   -7.4850568235E-01    1.4919228414E-05
    3.7017797816E-04    1.4991301030E-05   -1.4354481363E+00
    1.8556564816E-01    1.0182842441E-05    2.1582493203E-01
    1.1434902555E-05    3.1347300839E-01   -1.8965719544E-05
    2.3756360173E-01   -1.6271893558E-05    4.7783861418E-01
    2.8066566218E-01    5.5384357501E-02   -1.0783025923E-01
    5.4754113910E-02    2.1746455618E-01    1.8642800565E-01
   -1.1891523248E-01    2.0580841432E-01    4.7872849062E-01
    2.8065379474E-01   -5.5386520406E-02   -1.0784924718E-01
   -5.4757604025E-02    2.1747512768E-01   -1.8642394734E-01
   -1.1894314165E-01   -2.0580709067E-01    4.7871636358E-01

#
# The IR spectrum
#  wavenumber eps Int TX TY TZ
#
$ir_spectrum
12
      0.00   0.00000000   0.00000000     0.000000     0.000000     0.000000
      0.00   0.00000000   0.00000000     0.000000     0.000000     0.000000
      0.00   0.00000000   0.00000000     0.000000     0.000000     0.000000
      0.00   0.00000000   0.00000000     0.000000     0.000000     0.000000
      0.00   0.00000000   0.00000000     0.000000     0.000000     0.000000
      0.00   0.00000000   0.00000000     0.000000     0.000000     0.000000
  -8359.94   0.00000000   0.00000000     0.000000     0.000000     0.000000
  -7444.22   0.00000000   0.00000000     0.000000     0.000000     0.000000
  -7443.00   0.00000000   0.00000000     0.000000     0.000000     0.000000
  15058.32   0.00061997   3.13305051    -0.000004    -0.000002    -0.003584
  15885.50   0.00595636  30.10102266    -0.010791     0.000749    -0.000023
  15886.91   0.00595882  30.11345222    -0.000748    -0.010793    -0.000001


$end

