*************************************************
******************* ORCA 6.0.1 ******************
*************************************************
$Calculation_Status
   &GeometryIndex 1
   &ListStatus       OUT
   &VERSION [&Type "String"] "6.0.1"
   &PROGNAME [&Type "String"] "LeanSCF"
   &STATUS [&Type "String"] "NORMAL TERMINATION"
$End
$Geometry
   &GeometryIndex 1
   &ListStatus       OUT
   &NATOMS [&Type "Integer"] 3
   &NCORELESSECP [&Type "Integer"] 0
   &NGHOSTATOMS [&Type "Integer"] 0
   &CartesianCoordinates [&Type "Coordinates", &Dim(3,4), &Units "Bohr"] 
              O     -0.000000034204   -0.011882089216    0.000000000756
              H      0.815517293132    0.511870516627   -0.000000172532
              H     -0.815515984875    0.511871600385    0.000000270231
$End
$SCF_Energy
   &GeometryIndex 1
   &ListStatus       OUT
   &SCF_ENERGY [&Type "Double"]      -7.4898117675950033e+01
$End
$DFT_Energy
   &GeometryIndex 1
   &ListStatus       OUT
   &NALPHAEL [&Type "Integer"] 5
   &NBETAEL [&Type "Integer"] 5
   &NTOTALEL [&Type "Integer"] 10
   &EEXCHANGE [&Type "Double"]      -7.6543640812961895e+00
   &ECORR [&Type "Double"]      -4.2266556384643811e-01
   &ECNL [&Type "Double"]       0.0000000000000000e+00
   &EXC [&Type "Double"]      -8.0770296451426269e+00
   &EEMBED [&Type "Double"]       0.0000000000000000e+00
   &FINALEN [&Type "Double"]      -7.4898117675950033e+01  "No Van der Waals correction"
$End
$Mulliken_Population_Analysis
   &GeometryIndex 1
   &ListStatus       OUT
   &NATOMS [&Type "Integer"] 3
   &ATNO [&Type "ArrayOfIntegers", &Dim (3,1)] 
                                                         0

0                                                        8
1                                                        1
2                                                        1
   &ATOMICCHARGES [&Type "ArrayOfDoubles", &Dim (3,1)] 
                                                         0

0                                      4.5751208058707160e-01
1                                     -2.2875575615790678e-01
2                                     -2.2875632442915594e-01
$End
$Loewdin_Population_Analysis
   &GeometryIndex 1
   &ListStatus       OUT
   &NATOMS [&Type "Integer"] 3
   &ATNO [&Type "ArrayOfIntegers", &Dim (3,1)] 
                                                         0

0                                                        8
1                                                        1
2                                                        1
   &ATOMICCHARGES [&Type "ArrayOfDoubles", &Dim (3,1)] 
                                                         0

0                                      5.6657461786237917e-01
1                                     -2.8328702007983875e-01
2                                     -2.8328759778252044e-01
$End
$Mayer_Population_Analysis
   &GeometryIndex 1
   &ListStatus       OUT
   &NATOMS [&Type "Integer"] 3 "Total number of atoms"
   &BONDTHRESH [&Type "Double"]       1.0000000000000001e-01  "The threshold for printing"
   &NBONDORDERSPRINT [&Type "Integer"] 3 "The number of bond orders larger than threshold"
   &BONDORDERS [&Type "ArrayOfDoubles", &Dim (3,1)] "The bond orders"
                                                         0

0                                      9.5199708161107544e-01
1                                      9.5199687524511722e-01
2                                      1.5883391207590100e-01
   &COMPONENTS [&Type "ArrayOfIntegers", &Dim (3,4)] "The indices and atomic numbers of the bonding atoms"
                                                         0                           1                           2                           3

0                                                        0                           8                           1                           1
1                                                        0                           8                           2                           1
2                                                        1                           1                           2                           1
   &ATNO [&Type "ArrayOfIntegers", &Dim (3,1)] "Atomic number of the elements"
                                                         0

0                                                        8
1                                                        1
2                                                        1
   &NA [&Type "ArrayOfDoubles", &Dim (3,1)] "Mulliken gross atomic population"
                                                         0

0                                      7.5424879194129284e+00
1                                      1.2287557561579063e+00
2                                      1.2287563244291551e+00
   &ZA [&Type "ArrayOfDoubles", &Dim (3,1)] "Total nuclear charge"
                                                         0

0                                      8.0000000000000000e+00
1                                      1.0000000000000000e+00
2                                      1.0000000000000000e+00
   &QA [&Type "ArrayOfDoubles", &Dim (3,1)] "Mulliken gross atomic charge"
                                                         0

0                                      4.5751208058707160e-01
1                                     -2.2875575615790633e-01
2                                     -2.2875632442915506e-01
   &VA [&Type "ArrayOfDoubles", &Dim (3,1)] "Mayer's total valence"
                                                         0

0                                      1.9039939568561945e+00
1                                      1.1108309936869871e+00
2                                      1.1108307873210166e+00
   &BVA [&Type "ArrayOfDoubles", &Dim (3,1)] "Mayer's bonded valence"
                                                         0

0                                      1.9039939568561928e+00
1                                      1.1108309936869765e+00
2                                      1.1108307873210181e+00
   &FA [&Type "ArrayOfDoubles", &Dim (3,1)] "Mayer's free valence"
                                                         0

0                                      0.0000000000000000e+00
1                                      0.0000000000000000e+00
2                                      0.0000000000000000e+00
$End
$SCF_Nuc_Gradient
   &GeometryIndex 1
   &ListStatus       OUT
   &NATOMS [&Type "Integer"] 3
   &ROOT [&Type "Integer"] 0
   &GRADNORM [&Type "Double"]       5.3516199090218803e+00
   &GRAD [&Type "ArrayOfDoubles", &Dim (9,1)] 
                                                         0

0                                     -2.9597401780960701e-06
1                                      3.2196573174706060e+00
2                                      3.0916827479064887e-07
3                                     -2.5583716151855889e+00
4                                     -1.6098246473793061e+00
5                                      5.4915713050284470e-07
6                                      2.5583745749257818e+00
7                                     -1.6098326702994783e+00
8                                     -8.5832540942171172e-07
$End
$SCF_Dipole_Moment
   &GeometryIndex 1
   &ListStatus       OUT
   &METHOD [&Type "String"] "SCF"
   &LEVEL [&Type "String"] "Relaxed density"
   &MULT [&Type "Integer"] 1
   &STATE [&Type "Integer"] -1
   &IRREP [&Type "Integer"] 0
   &NATOMS [&Type "Integer"] 3
   &DODIPOLEATOM [&Type "Boolean"] false
   &DIPOLEELECCONTRIB [&Type "ArrayOfDoubles", &Dim (3,1)] "Electronic contribution"
                                                         0

0                                      1.0733801111828534e-08
1                                      1.5262504672552904e-01
2                                      1.6717082109550010e-08
   &DIPOLENUCCONTRIB [&Type "ArrayOfDoubles", &Dim (3,1)] "Nuclear contribution"
                                                         0

0                                      6.0637475851610390e-07
1                                      4.6139119924239269e-01
2                                      4.2367164752276653e-08
   &DIPOLETOTAL [&Type "ArrayOfDoubles", &Dim (3,1)] "Total"
                                                         0

0                                      6.1710855962793243e-07
1                                      6.1401624596792170e-01
2                                      5.9084246861826663e-08
   &DIPOLEMAGNITUDE [&Type "Double", &Units "a.u."]       6.1401624596823468e-01
$End
$SCF_Polarizability
   &GeometryIndex 1
   &ListStatus       OUT
   &METHOD [&Type "String"] "SCF"
   &LEVEL [&Type "String"] "Relaxed density"
   &MULT [&Type "Integer"] 1
   &STATE [&Type "Integer"] -1
   &IRREP [&Type "Integer"] 0
   &NATOMS [&Type "Integer"] 3
   &DODIPOLEATOM [&Type "Boolean"] false
   &RAWCARTESIAN [&Type "ArrayOfDoubles", &Units "a.u", &Dim (3,3)] 
                                                         0                           1                           2

0                                      2.4741631297392486e+00         3.5041285508657927e-07         1.3525777705406457e-07
1                                      3.5041285508657927e-07         2.3183697902354692e+00        -6.7892926336604124e-08
2                                      1.3525777705406457e-07        -6.7892926336604124e-08         2.9701319974457889e+00
   &DIAGONALIZEDTENSOR [&Type "ArrayOfDoubles", &Dim (3,1)] 
                                                         0

0                                      2.3183697902346734e+00
1                                      2.4741631297400000e+00
2                                      2.9701319974458325e+00
   &ORIENTATION [&Type "ArrayOfDoubles", &Dim (3,3)] 
                                                         0                           1                           2

0                                     -2.2492159831642122e-06        -9.9999999999743361e-01         2.7271417493937559e-07
1                                      9.9999999999746514e-01        -2.2492160116627247e-06        -1.0416809999560978e-07
2                                      1.0416871338843127e-07         2.7271394064212881e-07         9.9999999999995759e-01
   &ISOTROPICPOLAR [&Type "Double"]       2.5875549724735021e+00
$End
$THERMOCHEMISTRY_Energies
   &GeometryIndex 1
   &ListStatus       OUT
   &TEMPERATURE [&Type "Double"]       2.9814999999999998e+02
   &PRESSURE [&Type "Double"]       1.0000000000000000e+00
   &TOTALMASS [&Type "Double"]       1.8015000000000001e+01
   &SPINDEGENERACY [&Type "Integer"] 1
   &ELENERGY [&Type "Double"]      -7.4898117675950033e+01
   &TRANSENERGY [&Type "Double"]       1.4162714244859817e-03
   &ROTENERGY [&Type "Double"]       1.4162714244859817e-03
   &VIBENERGY [&Type "Double"]       5.1919619815186698e-39
   &NUMOFFREQS [&Type "Integer"] 9
   &FREQSCALINGFACTOR [&Type "Double"]       1.0000000000000000e+00
   &FREQ [&Type "ArrayOfDoubles", &Dim (9,1)] "In cm^-1"
                                                         0

0                                      0.0000000000000000e+00
1                                      0.0000000000000000e+00
2                                      0.0000000000000000e+00
3                                      0.0000000000000000e+00
4                                      0.0000000000000000e+00
5                                      0.0000000000000000e+00
6                                     -8.9261704865171268e+03
7                                      1.7758218926802769e+04
8                                      1.8364442495226842e+04
   &ZPE [&Type "Double"]       8.2293477944409346e-02
   &INNERENERGYU [&Type "Double"]      -7.4812991655156651e+01
   &ENTHALPYH [&Type "Double"]      -7.4812047446114391e+01
   &QEL [&Type "Double"]       0.0000000000000000e+00
   &QROT [&Type "Double"]       3.1414965804511153e-03
   &QVIB [&Type "Double"]      -2.0680390540207178e-12
   &QTRANS [&Type "Double"]       1.6443801841798250e-02
   &ENTROPYS [&Type "Double"]       1.9585298420181325e-02
   &FREEENERGYG [&Type "Double"]      -7.4831632744534573e+01
   &ISLINEAR [&Type "Boolean"] false
$End
$Hessian
   &GeometryIndex 1
   &ListStatus       OUT
   &HESSIAN [&Type "ArrayOfDoubles", &Dim (9,9)] "The Hessian"
                                                         0                           1                           2                           3                           4                           5                           6                           7

0                                      1.4963835900729887e+01        -2.6252560470840791e-05        -5.7339841553756048e-06        -7.4819213577459198e+00        -6.7790142691143567e+00         2.2461749790531324e-06        -7.4819145429839660e+00         6.7790405144423209e+00
1                                     -2.6252560470840791e-05         2.7022529592253646e+00         8.1738866823875718e-07        -6.5243828053871367e+00        -1.3511143993043297e+00         1.3588143438829205e-06         6.5244090651801141e+00        -1.3511385599210346e+00
2                                     -5.7339841553756048e-06         8.1738866823875718e-07        -6.1475113998670547e+00         2.2753717886762076e-06         1.4280742812640508e-06         3.0737512969274388e+00         3.4565583414916324e-06        -2.2360567542767397e-06
3                                     -7.4819213577459198e+00        -6.5243828053871367e+00         2.2753717886762076e-06         7.4755501896923278e+00         6.6516986680005452e+00        -2.2598989399017341e-06         6.3711680535922244e-03        -1.2756404002116595e-01
4                                     -6.7790142691143567e+00        -1.3511143993043297e+00         1.4280742812640508e-06         6.6516986680005452e+00         1.2838646725198219e+00        -1.3922122584943938e-06         1.2756377852156778e-01         6.7249726784507802e-02
5                                      2.2461749790531324e-06         1.3588143438829205e-06         3.0737512969274388e+00        -2.2598989399017341e-06        -1.3922122584943938e-06        -3.1054251215377815e+00         3.8431571365855488e-09         3.0866314543054588e-08
6                                     -7.4819145429839660e+00         6.5244090651801141e+00         3.4565583414916324e-06         6.3711680535922244e-03         1.2756377852156778e-01         3.8431571365855488e-09         7.4755433749303739e+00        -6.6517246590614185e+00
7                                      6.7790405144423209e+00        -1.3511385599210346e+00        -2.2360567542767397e-06        -1.2756404002116595e-01         6.7249726784507802e-02         3.0866314543054588e-08        -6.6517246590614185e+00         1.2838888331365268e+00
8                                      3.4898632015302376e-06        -2.1856092073477459e-06         3.0737601029396155e+00        -5.5920450624568537e-09        -3.3330422701238212e-08         3.1673824610342738e-02        -3.4723363275479993e-06         2.2120650348913349e-06
                                                         8

0                                      3.4898632015302376e-06
1                                     -2.1856092073477459e-06
2                                      3.0737601029396155e+00
3                                     -5.5920450624568537e-09
4                                     -3.3330422701238212e-08
5                                      3.1673824610342738e-02
6                                     -3.4723363275479993e-06
7                                      2.2120650348913349e-06
8                                     -3.1054339275499583e+00
   &MODES [&Type "ArrayOfDoubles", &Dim (9,9)] "The modes of vibrations"
                                                         0                           1                           2                           3                           4                           5                           6                           7

0                                      0.0000000000000000e+00         0.0000000000000000e+00         0.0000000000000000e+00         0.0000000000000000e+00         0.0000000000000000e+00         0.0000000000000000e+00         7.4836446347483725e-08         1.2109556148717695e-06
1                                      0.0000000000000000e+00         0.0000000000000000e+00         0.0000000000000000e+00         0.0000000000000000e+00         0.0000000000000000e+00         0.0000000000000000e+00         6.9840240265729825e-02         4.6010319774230798e-02
2                                      0.0000000000000000e+00         0.0000000000000000e+00         0.0000000000000000e+00         0.0000000000000000e+00         0.0000000000000000e+00         0.0000000000000000e+00         6.4130709693611213e-09         4.2245763050515767e-09
3                                      0.0000000000000000e+00         0.0000000000000000e+00         0.0000000000000000e+00         0.0000000000000000e+00         0.0000000000000000e+00         0.0000000000000000e+00         3.8746065712161870e-01        -5.8814694522493649e-01
4                                      0.0000000000000000e+00         0.0000000000000000e+00         0.0000000000000000e+00         0.0000000000000000e+00         0.0000000000000000e+00         0.0000000000000000e+00        -5.5425314924379787e-01        -3.6514391846042304e-01
5                                      0.0000000000000000e+00         0.0000000000000000e+00         0.0000000000000000e+00         0.0000000000000000e+00         0.0000000000000000e+00         0.0000000000000000e+00        -1.5607503408061106e-07         1.2612985053418415e-07
6                                      0.0000000000000000e+00         0.0000000000000000e+00         0.0000000000000000e+00         0.0000000000000000e+00         0.0000000000000000e+00         0.0000000000000000e+00        -3.8746184492747704e-01         5.8812772490858500e-01
7                                      0.0000000000000000e+00         0.0000000000000000e+00         0.0000000000000000e+00         0.0000000000000000e+00         0.0000000000000000e+00         0.0000000000000000e+00        -5.5425280711673008e-01        -3.6513297247997278e-01
8                                      0.0000000000000000e+00         0.0000000000000000e+00         0.0000000000000000e+00         0.0000000000000000e+00         0.0000000000000000e+00         0.0000000000000000e+00         5.4286618999221818e-08        -1.9318242597790554e-07
                                                         8

0                                      7.1549636473569295e-02
1                                     -8.1731410976782079e-07
2                                     -1.9423046373518663e-08
3                                     -5.6780946036313007e-01
4                                     -3.6466647354126991e-01
5                                      1.2065284794135781e-07
6                                     -5.6782807330813534e-01
7                                      3.6467944597027979e-01
8                                      1.8763020692699336e-07
$End
