*************************************************
******************* ORCA 6.0.1 ******************
*************************************************
$Calculation_Status
   &GeometryIndex 1
   &ListStatus       OUT
   &VERSION [&Type "String"] "6.0.1"
   &PROGNAME [&Type "String"] "LeanSCF"
   &STATUS [&Type "String"] "NORMAL TERMINATION"
$End
$Geometry
   &GeometryIndex 1
   &ListStatus       OUT
   &NATOMS [&Type "Integer"] 4
   &NCORELESSECP [&Type "Integer"] 0
   &NGHOSTATOMS [&Type "Integer"] 0
   &CartesianCoordinates [&Type "Coordinates", &Dim(4,4), &Units "Bohr"] 
              N     -0.000018109812    0.000000372276    0.151068616611
              H      0.974913455282   -0.000075337334   -0.163535067351
              H     -0.487419096390    0.844403274350   -0.163265525508
              H     -0.487490092078   -0.844339920526   -0.163279983425
$End
$SCF_Energy
   &GeometryIndex 1
   &ListStatus       OUT
   &SCF_ENERGY [&Type "Double"]      -5.4589241691169988e+01
$End
$DFT_Energy
   &GeometryIndex 1
   &ListStatus       OUT
   &NALPHAEL [&Type "Integer"] 5
   &NBETAEL [&Type "Integer"] 5
   &NTOTALEL [&Type "Integer"] 10
   &EEXCHANGE [&Type "Double"]      -6.8084041833897766e+00
   &ECORR [&Type "Double"]      -4.0792930596888222e-01
   &ECNL [&Type "Double"]       0.0000000000000000e+00
   &EXC [&Type "Double"]      -7.2163334893586590e+00
   &EEMBED [&Type "Double"]       0.0000000000000000e+00
   &FINALEN [&Type "Double"]      -5.4589241691169988e+01  "No Van der Waals correction"
$End
$Mulliken_Population_Analysis
   &GeometryIndex 1
   &ListStatus       OUT
   &NATOMS [&Type "Integer"] 4
   &ATNO [&Type "ArrayOfIntegers", &Dim (4,1)] 
                                                         0

0                                                        7
1                                                        1
2                                                        1
3                                                        1
   &ATOMICCHARGES [&Type "ArrayOfDoubles", &Dim (4,1)] 
                                                         0

0                                      1.0883516119603955e+00
1                                     -3.6256317280782202e-01
2                                     -3.6289208435854592e-01
3                                     -3.6289635479400695e-01
$End
$Loewdin_Population_Analysis
   &GeometryIndex 1
   &ListStatus       OUT
   &NATOMS [&Type "Integer"] 4
   &ATNO [&Type "ArrayOfIntegers", &Dim (4,1)] 
                                                         0

0                                                        7
1                                                        1
2                                                        1
3                                                        1
   &ATOMICCHARGES [&Type "ArrayOfDoubles", &Dim (4,1)] 
                                                         0

0                                      4.2502313529043700e-01
1                                     -1.4160424855492537e-01
2                                     -1.4170548796946725e-01
3                                     -1.4171339876600975e-01
$End
$Mayer_Population_Analysis
   &GeometryIndex 1
   &ListStatus       OUT
   &NATOMS [&Type "Integer"] 4 "Total number of atoms"
   &BONDTHRESH [&Type "Double"]       1.0000000000000001e-01  "The threshold for printing"
   &NBONDORDERSPRINT [&Type "Integer"] 6 "The number of bond orders larger than threshold"
   &BONDORDERS [&Type "ArrayOfDoubles", &Dim (6,1)] "The bond orders"
                                                         0

0                                      2.7637491785669643e-01
1                                      2.7622915454621405e-01
2                                      2.7620195338104825e-01
3                                      2.7737635445634179e-01
4                                      2.7738415412591977e-01
5                                      2.7745870857814331e-01
   &COMPONENTS [&Type "ArrayOfIntegers", &Dim (6,4)] "The indices and atomic numbers of the bonding atoms"
                                                         0                           1                           2                           3

0                                                        0                           7                           1                           1
1                                                        0                           7                           2                           1
2                                                        0                           7                           3                           1
3                                                        1                           1                           2                           1
4                                                        1                           1                           3                           1
5                                                        2                           1                           3                           1
   &ATNO [&Type "ArrayOfIntegers", &Dim (4,1)] "Atomic number of the elements"
                                                         0

0                                                        7
1                                                        1
2                                                        1
3                                                        1
   &NA [&Type "ArrayOfDoubles", &Dim (4,1)] "Mulliken gross atomic population"
                                                         0

0                                      5.9116483880396054e+00
1                                      1.3625631728078216e+00
2                                      1.3628920843585448e+00
3                                      1.3628963547940072e+00
   &ZA [&Type "ArrayOfDoubles", &Dim (4,1)] "Total nuclear charge"
                                                         0

0                                      7.0000000000000000e+00
1                                      1.0000000000000000e+00
2                                      1.0000000000000000e+00
3                                      1.0000000000000000e+00
   &QA [&Type "ArrayOfDoubles", &Dim (4,1)] "Mulliken gross atomic charge"
                                                         0

0                                      1.0883516119603946e+00
1                                     -3.6256317280782158e-01
2                                     -3.6289208435854481e-01
3                                     -3.6289635479400717e-01
   &VA [&Type "ArrayOfDoubles", &Dim (4,1)] "Mayer's total valence"
                                                         0

0                                      8.2880602578398999e-01
1                                      8.3113542643896554e-01
2                                      8.3106421758070592e-01
3                                      8.3104481608510783e-01
   &BVA [&Type "ArrayOfDoubles", &Dim (4,1)] "Mayer's bonded valence"
                                                         0

0                                      8.2880602578395868e-01
1                                      8.3113542643895799e-01
2                                      8.3106421758069926e-01
3                                      8.3104481608511138e-01
   &FA [&Type "ArrayOfDoubles", &Dim (4,1)] "Mayer's free valence"
                                                         0

0                                      0.0000000000000000e+00
1                                      0.0000000000000000e+00
2                                      0.0000000000000000e+00
3                                      0.0000000000000000e+00
$End
$SCF_Nuc_Gradient
   &GeometryIndex 1
   &ListStatus       OUT
   &NATOMS [&Type "Integer"] 4
   &ROOT [&Type "Integer"] 0
   &GRADNORM [&Type "Double"]       4.7566351560021607e+00
   &GRAD [&Type "ArrayOfDoubles", &Dim (12,1)] 
                                                         0

0                                     -4.0348641323514260e-04
1                                     -1.4267056771701846e-04
2                                     -2.1799942381850057e+00
3                                     -2.3297852568483353e+00
4                                      1.7193354751983512e-04
5                                      7.2703276411939044e-01
6                                      1.1649696012158923e+00
7                                     -2.0182178653328271e+00
8                                      7.2644251875074228e-01
9                                      1.1652191420323421e+00
10                                     2.0181886023530220e+00
11                                     7.2651895540773437e-01
$End
$SCF_Dipole_Moment
   &GeometryIndex 1
   &ListStatus       OUT
   &METHOD [&Type "String"] "SCF"
   &LEVEL [&Type "String"] "Relaxed density"
   &MULT [&Type "Integer"] 1
   &STATE [&Type "Integer"] -1
   &IRREP [&Type "Integer"] 0
   &NATOMS [&Type "Integer"] 4
   &DODIPOLEATOM [&Type "Boolean"] false
   &DIPOLEELECCONTRIB [&Type "ArrayOfDoubles", &Dim (3,1)] "Electronic contribution"
                                                         0

0                                     -1.6022006474328103e-05
1                                      2.1512734367130915e-06
2                                     -1.9833612195568803e-01
   &DIPOLENUCCONTRIB [&Type "ArrayOfDoubles", &Dim (3,1)] "Nuclear contribution"
                                                         0

0                                      2.3915362223403402e-05
1                                     -5.3467468668078055e-06
2                                     -3.8499113075812263e-01
   &DIPOLETOTAL [&Type "ArrayOfDoubles", &Dim (3,1)] "Total"
                                                         0

0                                      7.8933557490752995e-06
1                                     -3.1954734300947141e-06
2                                     -5.8332725271381070e-01
   &DIPOLEMAGNITUDE [&Type "Double", &Units "a.u."]       5.8332725277596797e-01
$End
$SCF_Polarizability
   &GeometryIndex 1
   &ListStatus       OUT
   &METHOD [&Type "String"] "SCF"
   &LEVEL [&Type "String"] "Relaxed density"
   &MULT [&Type "Integer"] 1
   &STATE [&Type "Integer"] -1
   &IRREP [&Type "Integer"] 0
   &NATOMS [&Type "Integer"] 4
   &DODIPOLEATOM [&Type "Boolean"] false
   &RAWCARTESIAN [&Type "ArrayOfDoubles", &Units "a.u", &Dim (3,3)] 
                                                         0                           1                           2

0                                      3.2558650250940047e+00        -1.3484394833271351e-05        -1.5640711291053091e-03
1                                     -1.3484394833271351e-05         3.2574204212869637e+00        -2.3278449704761117e-05
2                                     -1.5640711291053091e-03        -2.3278449704761117e-05         4.1172949794037903e+00
   &DIAGONALIZEDTENSOR [&Type "ArrayOfDoubles", &Dim (3,1)] 
                                                         0

0                                      3.2558620678564729e+00
1                                      3.2574205380705021e+00
2                                      4.1172978198577841e+00
   &ORIENTATION [&Type "ArrayOfDoubles", &Dim (3,3)] 
                                                         0                           1                           2

0                                      9.9996068149678408e-01         8.6797950995885862e-03        -1.8156589757247169e-03
1                                      8.6797603037781501e-03        -9.9996232980534239e-01        -2.7043306757781101e-05
2                                      1.8158253098591423e-03        -1.1282758752743340e-05         9.9999835132421266e-01
   &ISOTROPICPOLAR [&Type "Double"]       3.5435268085949194e+00
$End
$THERMOCHEMISTRY_Energies
   &GeometryIndex 1
   &ListStatus       OUT
   &TEMPERATURE [&Type "Double"]       2.9814999999999998e+02
   &PRESSURE [&Type "Double"]       1.0000000000000000e+00
   &TOTALMASS [&Type "Double"]       1.7030999999999999e+01
   &SPINDEGENERACY [&Type "Integer"] 1
   &ELENERGY [&Type "Double"]      -5.4589241691169988e+01
   &TRANSENERGY [&Type "Double"]       1.4162714244859817e-03
   &ROTENERGY [&Type "Double"]       1.4162714244859817e-03
   &VIBENERGY [&Type "Double"]       1.9725358144123937e-33
   &NUMOFFREQS [&Type "Integer"] 12
   &FREQSCALINGFACTOR [&Type "Double"]       1.0000000000000000e+00
   &FREQ [&Type "ArrayOfDoubles", &Dim (12,1)] "In cm^-1"
                                                         0

0                                      0.0000000000000000e+00
1                                      0.0000000000000000e+00
2                                      0.0000000000000000e+00
3                                      0.0000000000000000e+00
4                                      0.0000000000000000e+00
5                                      0.0000000000000000e+00
6                                     -8.3599434704693267e+03
7                                     -7.4442153189801948e+03
8                                     -7.4429982332256168e+03
9                                      1.5058318425246101e+04
10                                     1.5885501781991416e+04
11                                     1.5886911011513361e+04
   &ZPE [&Type "Double"]       1.0668825593012748e-01
   &INNERENERGYU [&Type "Double"]      -5.4479720892390880e+01
   &ENTHALPYH [&Type "Double"]      -5.4478776683348620e+01
   &QEL [&Type "Double"]       0.0000000000000000e+00
   &QROT [&Type "Double"]       3.6601411746894634e-03
   &QVIB [&Type "Double"]      -5.2232968888840569e-12
   &QTRANS [&Type "Double"]       1.6364250539629886e-02
   &ENTROPYS [&Type "Double"]       2.0024391709096052e-02
   &FREEENERGYG [&Type "Double"]      -5.4498801075057713e+01
   &ISLINEAR [&Type "Boolean"] false
$End
$Hessian
   &GeometryIndex 1
   &ListStatus       OUT
   &HESSIAN [&Type "ArrayOfDoubles", &Dim (12,12)] "The Hessian"
                                                         0                           1                           2                           3                           4                           5                           6                           7

0                                      8.5541926426090917e+00        -1.2443703942377482e-04        -2.5211906000393025e-03        -7.7185191878555743e+00         7.6210595120563250e-04         3.3320716594772799e+00        -4.1745073607514827e-01         4.2154366344522129e+00
1                                     -1.2443703942377482e-04         8.5601008316847462e+00         3.8625200969022444e-04         7.3764451462096365e-04         2.0157659105384083e+00        -2.5397483780427422e-04         4.2159217927181247e+00        -5.2882633156408874e+00
2                                     -2.5211906000393025e-03         3.8625200969022444e-04        -3.6439374134729383e+00         3.1485608372476586e+00        -2.5215719442988195e-04         1.2133024589151096e+00        -1.5727005698104717e+00         2.7249401430747953e+00
3                                     -7.7185191878555743e+00         7.3764451462096365e-04         3.1485608372476586e+00         7.6508778582844705e+00        -7.4720412855931034e-04        -3.2072412782491995e+00         3.3826714184080231e-02        -9.1472429070598008e-02
4                                      7.6210595120563250e-04         2.0157659105384083e+00        -2.5215719442988195e-04        -7.4720412855931034e-04        -2.1213341176988041e+00         2.5196036791789132e-04         1.2436854682318813e-01         5.2783469346374817e-02
5                                      3.3320716594772799e+00        -2.5397483780427422e-04         1.2133024589151096e+00        -3.2072412782491995e+00         2.5196036791789132e-04        -1.2806863651365354e+00        -6.2430091667698209e-02        -2.0614074376200109e-03
6                                     -4.1745073607514827e-01         4.2159217927181247e+00        -1.5727005698104717e+00         3.3826714184080231e-02         1.2436854682318813e-01        -6.2430091667698209e-02         3.2132002454353442e-01        -4.2321248707063353e+00
7                                      4.2154366344522129e+00        -5.2882633156408874e+00         2.7249401430747953e+00        -9.1472429070598008e-02         5.2783469346374817e-02        -2.0614074376200109e-03        -4.2321248707063353e+00         5.2116146193222805e+00
8                                     -1.6646630569965546e+00         2.8841443994195024e+00         1.2153374396475558e+00         2.9349821944462409e-02        -5.5034657140572658e-02         3.3687810246293699e-02         1.6023205256030162e+00        -2.7759936078056651e+00
9                                     -4.1822271867836902e-01        -4.2165350857682888e+00        -1.5731158642593845e+00         3.3814615387023184e-02        -1.2438333663335716e-01        -6.2436327203136688e-02         6.2303997347533599e-02         1.0833238959428949e-01
10                                    -4.2160742177890285e+00        -5.2876034265822680e+00        -2.7250744998843621e+00         9.1481876672059065e-02         5.2784737814021113e-02         2.0634636192149343e-03        -1.0833719310454633e-01         2.3865226972232201e-02
11                                    -1.6651106244584490e+00        -2.8842764145970818e+00         1.2152975149102727e+00         2.9366656699832280e-02         5.5034812255376112e-02         3.3696095975132304e-02         3.2903689306789052e-02         5.2996047877418628e-02
                                                         8                           9                          10                          11

0                                     -1.6646630569965546e+00        -4.1822271867836902e-01        -4.2160742177890285e+00        -1.6651106244584490e+00
1                                      2.8841443994195024e+00        -4.2165350857682888e+00        -5.2876034265822680e+00        -2.8842764145970818e+00
2                                      1.2153374396475558e+00        -1.5731158642593845e+00        -2.7250744998843621e+00         1.2152975149102727e+00
3                                      2.9349821944462409e-02         3.3814615387023184e-02         9.1481876672059065e-02         2.9366656699832280e-02
4                                     -5.5034657140572658e-02        -1.2438333663335716e-01         5.2784737814021113e-02         5.5034812255376112e-02
5                                      3.3687810246293699e-02        -6.2436327203136688e-02         2.0634636192149343e-03         3.3696095975132304e-02
6                                      1.6023205256030162e+00         6.2303997347533599e-02        -1.0833719310454633e-01         3.2903689306789052e-02
7                                     -2.7759936078056651e+00         1.0833238959428949e-01         2.3865226972232201e-02         5.2996047877418628e-02
8                                     -1.2825603631024469e+00         3.2899156017440701e-02        -5.2997310182193967e-02         3.3535113208597415e-02
9                                      3.2899156017440701e-02         3.2210410594381222e-01         4.2327577835144368e+00         1.6027466569484541e+00
10                                    -5.2997310182193967e-02         4.2327577835144368e+00         5.2109534617960147e+00         2.7761269504558141e+00
11                                     3.3535113208597415e-02         1.6027466569484541e+00         2.7761269504558141e+00        -1.2825287240940024e+00
   &MODES [&Type "ArrayOfDoubles", &Dim (12,12)] "The modes of vibrations"
                                                         0                           1                           2                           3                           4                           5                           6                           7

0                                      0.0000000000000000e+00         0.0000000000000000e+00         0.0000000000000000e+00         0.0000000000000000e+00         0.0000000000000000e+00         0.0000000000000000e+00        -2.7155337278011646e-06        -2.0562710390140998e-03
1                                      0.0000000000000000e+00         0.0000000000000000e+00         0.0000000000000000e+00         0.0000000000000000e+00         0.0000000000000000e+00         0.0000000000000000e+00         1.8813045987987533e-07         6.8017451598839720e-02
2                                      0.0000000000000000e+00         0.0000000000000000e+00         0.0000000000000000e+00         0.0000000000000000e+00         0.0000000000000000e+00         0.0000000000000000e+00        -1.0650943882939680e-01        -1.2029156843250723e-06
3                                      0.0000000000000000e+00         0.0000000000000000e+00         0.0000000000000000e+00         0.0000000000000000e+00         0.0000000000000000e+00         0.0000000000000000e+00         1.8651939690793179e-01        -3.6825952057462472e-03
4                                      0.0000000000000000e+00         0.0000000000000000e+00         0.0000000000000000e+00         0.0000000000000000e+00         0.0000000000000000e+00         0.0000000000000000e+00        -7.5973179351947587e-06        -7.4984704138818048e-01
5                                      0.0000000000000000e+00         0.0000000000000000e+00         0.0000000000000000e+00         0.0000000000000000e+00         0.0000000000000000e+00         0.0000000000000000e+00         4.9328446704617845e-01        -6.1480371285297843e-03
6                                      0.0000000000000000e+00         0.0000000000000000e+00         0.0000000000000000e+00         0.0000000000000000e+00         0.0000000000000000e+00         0.0000000000000000e+00        -9.3228052683825349e-02        -3.6039319448763457e-01
7                                      0.0000000000000000e+00         0.0000000000000000e+00         0.0000000000000000e+00         0.0000000000000000e+00         0.0000000000000000e+00         0.0000000000000000e+00         1.6136868351478287e-01        -8.6234745533491461e-02
8                                      0.0000000000000000e+00         0.0000000000000000e+00         0.0000000000000000e+00         0.0000000000000000e+00         0.0000000000000000e+00         0.0000000000000000e+00         4.9338216419731667e-01         1.7912976580926956e-01
9                                      0.0000000000000000e+00         0.0000000000000000e+00         0.0000000000000000e+00         0.0000000000000000e+00         0.0000000000000000e+00         0.0000000000000000e+00        -9.3253609620013889e-02         3.9264938933968097e-01
10                                     0.0000000000000000e+00         0.0000000000000000e+00         0.0000000000000000e+00         0.0000000000000000e+00         0.0000000000000000e+00         0.0000000000000000e+00        -1.6136370042636305e-01        -1.0907738425387171e-01
11                                     0.0000000000000000e+00         0.0000000000000000e+00         0.0000000000000000e+00         0.0000000000000000e+00         0.0000000000000000e+00         0.0000000000000000e+00         4.9337077915666538e-01        -1.7296501316487617e-01
                                                         8                           9                          10                          11

0                                     -6.8028777671668511e-02         6.6919517063543051e-05         7.8502203092988748e-02         5.4432364877300774e-03
1                                     -2.0570727994431463e-03         1.4559425267852646e-05        -5.4456574177182762e-03         7.8513596603293559e-02
2                                     -1.4100223695003834e-05        -3.6498708868842343e-02         1.3093727658370235e-05         8.9318314965225428e-06
3                                     -1.1971729050124774e-01        -5.4454096215901460e-01        -7.3843788365007035e-01        -5.1060519677334368e-02
4                                      2.2727098345424270e-02         4.3937277582074198e-05        -7.4620027782715758e-04         1.1591879155622539e-02
5                                     -2.0311210286066445e-01         1.6935077956229644e-01         2.3455523492535482e-01         1.6219873608275582e-02
6                                      5.4393752290697761e-01         2.7184768588084124e-01        -1.9870873561509805e-01         3.1265635965604477e-01
7                                      3.7938740952014333e-01        -4.7104066341425771e-01         3.6357990796954615e-01        -5.2868160723626245e-01
8                                      9.6320094860418815e-02         1.6894954809274071e-01        -1.3143634182526401e-01         1.9490754348045183e-01
9                                      5.2109632399016415e-01         2.7176337382231108e-01        -1.5370691121448810e-01        -3.3723414700612636e-01
10                                    -3.7352976708997210e-01         4.7079441078972434e-01        -2.8716175982467534e-01        -5.7392212471929382e-01
11                                     1.0698794235867411e-01         1.6887964766825131e-01        -1.0330084135734358e-01        -2.1125153233056448e-01
$End
