
$orca_hessian_file

$act_atom
  0

$act_coord
  0

$act_energy
        0.000000

$multiplicity
  1

$hessian
12
                    0                  1                  2                  3                  4        
    0      8.8890060975E+00   5.9531791375E-03  -2.9931835672E-02  -8.5305899600E+00  -5.0541342861E-05
    1      5.9531791375E-03   8.8243363515E+00   4.6034585736E-03  -1.3826642850E-04   2.6089018203E+00
    2     -2.9931835672E-02   4.6034585736E-03  -1.8747356681E+00   4.8152709211E+00  -6.1403745570E-06
    3     -8.5305899600E+00  -1.3826642850E-04   4.8152709211E+00   8.5115952798E+00   9.7458680173E-05
    4     -5.0541342861E-05   2.6089018203E+00  -6.1403745570E-06   9.7458680173E-05  -2.7174921775E+00
    5      5.2010081138E+00   3.5587008554E-05   6.2966707778E-01  -4.9703872840E+00  -3.4500765970E-05
    6     -1.7921519425E-01   4.7925281421E+00  -2.3911979156E+00   9.4860135376E-03   1.8256082370E-01
    7      4.7924241443E+00  -5.7139886497E+00   4.1427400132E+00  -1.0518364838E-01   5.4278767062E-02
    8     -2.5840415928E+00   4.4757905145E+00   6.2175738856E-01   7.7539612050E-02  -8.8232523408E-02
    9     -1.7920094326E-01  -4.7983431382E+00  -2.3941172285E+00   9.5086666597E-03  -1.8260857596E-01
   10     -4.7983266986E+00  -5.7192495221E+00  -4.1473359103E+00   1.0522529105E-01   5.4311590155E-02
   11     -2.5870586266E+00  -4.4804309812E+00   6.2331120176E-01   7.7560040120E-02   8.8273610958E-02
                    5                  6                  7                  8                  9        
    0      5.2010081138E+00  -1.7921519425E-01   4.7924241443E+00  -2.5840415928E+00  -1.7920094326E-01
    1      3.5587008554E-05   4.7925281421E+00  -5.7139886497E+00   4.4757905145E+00  -4.7983431382E+00
    2      6.2966707778E-01  -2.3911979156E+00   4.1427400132E+00   6.2175738856E-01  -2.3941172285E+00
    3     -4.9703872840E+00   9.4860135376E-03  -1.0518364838E-01   7.7539612050E-02   9.5086666597E-03
    4     -3.4500765970E-05   1.8256082370E-01   5.4278767062E-02  -8.8232523408E-02  -1.8260857596E-01
    5     -7.4545522501E-01  -1.1527522755E-01   2.2812191032E-02   5.7886845434E-02  -1.1532889156E-01
    6     -1.1527522755E-01   9.3224351748E-02  -4.8311658496E+00   2.4689497843E+00   7.6504828968E-02
    7      2.2812191032E-02  -4.8311658496E+00   5.6732267524E+00  -4.2765479951E+00   1.4402735529E-01
    8      5.7886845434E-02   2.4689497843E+00  -4.2765479951E+00  -7.3739218296E-01   3.7532342229E-02
    9     -1.1532889156E-01   7.6504828968E-02   1.4402735529E-01   3.7532342229E-02   9.3187447635E-02
   10     -2.2813723684E-02  -1.4402511783E-01  -1.3516869813E-02  -1.1107716790E-01   4.8370254421E+00
   11      5.7901301795E-02   3.7543213154E-02   1.1106296272E-01   5.7747948959E-02   2.4719345756E+00
                   10                 11        
     0     -4.7983266986E+00  -2.5870586266E+00
     1     -5.7192495221E+00  -4.4804309812E+00
     2     -4.1473359103E+00   6.2331120176E-01
     3      1.0522529105E-01   7.7560040120E-02
     4      5.4311590155E-02   8.8273610958E-02
     5     -2.2813723684E-02   5.7901301795E-02
     6     -1.4402511783E-01   3.7543213154E-02
     7     -1.3516869813E-02   1.1106296272E-01
     8     -1.1107716790E-01   5.7747948959E-02
     9      4.8370254421E+00   2.4719345756E+00
    10      5.6784548018E+00   4.2811606047E+00
    11      4.2811606047E+00  -7.3896045251E-01

$vibrational_frequencies
12
    0        0.0000000000000000
    1        0.0000000000000000
    2        0.0000000000000000
    3        0.0000000000000000
    4        0.0000000000000000
    5        0.0000000000000000
    6    -9151.3620669077463390
    7    -8299.3658972937828366
    8    -8280.3207105243691331
    9    16766.7477600172242092
   10    17508.1841463672390091
   11    17541.2636473034835944

$normal_modes
12 12
                    0                  1                  2                  3                  4        
    0      0.0000000000E+00   0.0000000000E+00   0.0000000000E+00   0.0000000000E+00   0.0000000000E+00
    1      0.0000000000E+00   0.0000000000E+00   0.0000000000E+00   0.0000000000E+00   0.0000000000E+00
    2      0.0000000000E+00   0.0000000000E+00   0.0000000000E+00   0.0000000000E+00   0.0000000000E+00
    3      0.0000000000E+00   0.0000000000E+00   0.0000000000E+00   0.0000000000E+00   0.0000000000E+00
    4      0.0000000000E+00   0.0000000000E+00   0.0000000000E+00   0.0000000000E+00   0.0000000000E+00
    5      0.0000000000E+00   0.0000000000E+00   0.0000000000E+00   0.0000000000E+00   0.0000000000E+00
    6      0.0000000000E+00   0.0000000000E+00   0.0000000000E+00   0.0000000000E+00   0.0000000000E+00
    7      0.0000000000E+00   0.0000000000E+00   0.0000000000E+00   0.0000000000E+00   0.0000000000E+00
    8      0.0000000000E+00   0.0000000000E+00   0.0000000000E+00   0.0000000000E+00   0.0000000000E+00
    9      0.0000000000E+00   0.0000000000E+00   0.0000000000E+00   0.0000000000E+00   0.0000000000E+00
   10      0.0000000000E+00   0.0000000000E+00   0.0000000000E+00   0.0000000000E+00   0.0000000000E+00
   11      0.0000000000E+00   0.0000000000E+00   0.0000000000E+00   0.0000000000E+00   0.0000000000E+00
                    5                  6                  7                  8                  9        
    0      0.0000000000E+00   3.3402422240E-04   4.7986613120E-03   6.3655694791E-02   2.2192218463E-03
    1      0.0000000000E+00  -5.4688775983E-05  -6.3707332669E-02   4.7926253946E-03  -3.9781994627E-04
    2      0.0000000000E+00  -1.1045859104E-01   1.4237702318E-04   5.9507294304E-04   4.7954032345E-02
    3      0.0000000000E+00   2.6100468188E-01   1.1910331617E-02   1.6152251737E-01   5.1099056223E-01
    4      0.0000000000E+00   6.9897535848E-04   7.5315470832E-01  -5.6777782039E-02  -5.9443550353E-05
    5      0.0000000000E+00   5.1365912640E-01   1.8845518463E-02   2.5666205101E-01  -2.1309521408E-01
    6      0.0000000000E+00  -1.3242969510E-01   3.5676049213E-01  -5.5282929378E-01  -2.7254594694E-01
    7      0.0000000000E+00   2.2258809216E-01   3.5904316552E-02  -4.0247282265E-01   4.7270619255E-01
    8      0.0000000000E+00   5.1033249208E-01  -2.3469738817E-01  -1.1554100644E-01  -2.2803555608E-01
    9      0.0000000000E+00  -1.3321653171E-01  -4.3535222156E-01  -4.9324214913E-01  -2.6928255220E-01
   10      0.0000000000E+00  -2.2252712141E-01   9.6207452002E-02   3.9265308097E-01  -4.6711870933E-01
   11      0.0000000000E+00   5.1092255281E-01   2.1387342232E-01  -1.4939007900E-01  -2.2523047097E-01
                   10                 11        
     0      6.2610073813E-03   7.9074052935E-02
     1     -7.9095523966E-02   6.2780328062E-03
     2     -3.6444885964E-04  -1.3980033440E-03
     3     -6.2988501929E-02  -7.5970606919E-01
     4     -1.1903943707E-02   9.2972523788E-04
     5      2.7184898954E-02   3.2831811599E-01
     6     -3.3962641351E-01  -1.4354069512E-01
     7      5.7797056492E-01   2.7003436858E-01
     8     -2.8988039853E-01  -1.3231753916E-01
     9      3.1561300037E-01  -1.9555309626E-01
    10      5.3303159723E-01  -3.5820259136E-01
    11      2.6775982019E-01  -1.7657415537E-01

#
# The atoms: label  mass x y z (in bohrs)
#
$atoms
4
 N     14.00700      0.000084193532    -0.000015080792     0.069197870868
 H      1.00800      0.886180089095    -0.000006102703    -0.320137048642
 H      1.00800     -0.443715255531     0.768626567639    -0.320774135226
 H      1.00800     -0.443634772851    -0.768410904766    -0.320650896736

$actual_temperature
  0.000000

$frequency_scale_factor
  1.000000

$dipole_derivatives
12
   -8.8248333343E-01   -7.9914948819E-06   -4.0314560589E-04
   -7.7970133090E-06   -8.8330079033E-01    5.4277219537E-05
   -6.9878235228E-04    6.2834583061E-05   -1.1644735580E+00
    2.5074045460E-01   -1.4050017929E-05    2.4351010788E-01
    1.1827860913E-05    3.3908593421E-01   -2.8182126514E-06
    3.0083983609E-01   -1.1285957618E-05    3.8803680354E-01
    3.1588130054E-01    3.8536474226E-02   -1.2152292487E-01
    3.7782480552E-02    2.7207573173E-01    2.1008269100E-01
   -1.5006755443E-01    2.5993901542E-01    3.8810155196E-01
    3.1592776429E-01   -3.8514472145E-02   -1.2156250963E-01
   -3.7786560209E-02    2.7214552170E-01   -2.1013328808E-01
   -1.5010209739E-01   -2.5999061326E-01    3.8819180544E-01

#
# The IR spectrum
#  wavenumber eps Int TX TY TZ
#
$ir_spectrum
12
      0.00   0.00000000   0.00000000     0.000000     0.000000     0.000000
      0.00   0.00000000   0.00000000     0.000000     0.000000     0.000000
      0.00   0.00000000   0.00000000     0.000000     0.000000     0.000000
      0.00   0.00000000   0.00000000     0.000000     0.000000     0.000000
      0.00   0.00000000   0.00000000     0.000000     0.000000     0.000000
      0.00   0.00000000   0.00000000     0.000000     0.000000     0.000000
  -9151.36   0.00000000   0.00000000     0.000000     0.000000     0.000000
  -8299.37   0.00000000   0.00000000     0.000000     0.000000     0.000000
  -8280.32   0.00000000   0.00000000     0.000000     0.000000     0.000000
  16766.75   0.00100421   5.07487920    -0.000329     0.000057     0.004310
  17508.18   0.00697843  35.26610634    -0.000882     0.011118    -0.000034
  17541.26   0.00702121  35.48229627    -0.011140    -0.000882    -0.000151


$end

