*************************************************
******************* ORCA 6.0.1 ******************
*************************************************
$Calculation_Status
   &GeometryIndex 1
   &ListStatus       OUT
   &VERSION [&Type "String"] "6.0.1"
   &PROGNAME [&Type "String"] "LeanSCF"
   &STATUS [&Type "String"] "NORMAL TERMINATION"
$End
$Geometry
   &GeometryIndex 1
   &ListStatus       OUT
   &NATOMS [&Type "Integer"] 4
   &NCORELESSECP [&Type "Integer"] 0
   &NGHOSTATOMS [&Type "Integer"] 0
   &CartesianCoordinates [&Type "Coordinates", &Dim(4,4), &Units "Bohr"] 
              N      0.000016396965   -0.000004654773    0.155165661733
              H      0.886112292527    0.000004323315   -0.234169257777
              H     -0.443783052098    0.768636993658   -0.234806344361
              H     -0.443702569418   -0.768400478748   -0.234683105871
$End
$SCF_Energy
   &GeometryIndex 1
   &ListStatus       OUT
   &SCF_ENERGY [&Type "Double"]      -5.4130459183565733e+01
$End
$DFT_Energy
   &GeometryIndex 1
   &ListStatus       OUT
   &NALPHAEL [&Type "Integer"] 5
   &NBETAEL [&Type "Integer"] 5
   &NTOTALEL [&Type "Integer"] 10
   &EEXCHANGE [&Type "Double"]      -6.8828571190018115e+00
   &ECORR [&Type "Double"]      -4.1050875302958972e-01
   &ECNL [&Type "Double"]       0.0000000000000000e+00
   &EXC [&Type "Double"]      -7.2933658720314014e+00
   &EEMBED [&Type "Double"]       0.0000000000000000e+00
   &FINALEN [&Type "Double"]      -5.4130459183565733e+01  "No Van der Waals correction"
$End
$Mulliken_Population_Analysis
   &GeometryIndex 1
   &ListStatus       OUT
   &NATOMS [&Type "Integer"] 4
   &ATNO [&Type "ArrayOfIntegers", &Dim (4,1)] 
                                                         0

0                                                        7
1                                                        1
2                                                        1
3                                                        1
   &ATOMICCHARGES [&Type "ArrayOfDoubles", &Dim (4,1)] 
                                                         0

0                                      1.0670313357798840e+00
1                                     -3.5647000398309481e-01
2                                     -3.5514748780814487e-01
3                                     -3.5541384398863607e-01
$End
$Loewdin_Population_Analysis
   &GeometryIndex 1
   &ListStatus       OUT
   &NATOMS [&Type "Integer"] 4
   &ATNO [&Type "ArrayOfIntegers", &Dim (4,1)] 
                                                         0

0                                                        7
1                                                        1
2                                                        1
3                                                        1
   &ATOMICCHARGES [&Type "ArrayOfDoubles", &Dim (4,1)] 
                                                         0

0                                      4.6750511663738870e-01
1                                     -1.5664932749200577e-01
2                                     -1.5530616251851082e-01
3                                     -1.5554962662686389e-01
$End
$Mayer_Population_Analysis
   &GeometryIndex 1
   &ListStatus       OUT
   &NATOMS [&Type "Integer"] 4 "Total number of atoms"
   &BONDTHRESH [&Type "Double"]       1.0000000000000001e-01  "The threshold for printing"
   &NBONDORDERSPRINT [&Type "Integer"] 3 "The number of bond orders larger than threshold"
   &BONDORDERS [&Type "ArrayOfDoubles", &Dim (3,1)] "The bond orders"
                                                         0

0                                      3.0702216713220032e-01
1                                      3.0713539912370225e-01
2                                      3.0669102610818438e-01
   &COMPONENTS [&Type "ArrayOfIntegers", &Dim (3,4)] "The indices and atomic numbers of the bonding atoms"
                                                         0                           1                           2                           3

0                                                        1                           1                           2                           1
1                                                        1                           1                           3                           1
2                                                        2                           1                           3                           1
   &ATNO [&Type "ArrayOfIntegers", &Dim (4,1)] "Atomic number of the elements"
                                                         0

0                                                        7
1                                                        1
2                                                        1
3                                                        1
   &NA [&Type "ArrayOfDoubles", &Dim (4,1)] "Mulliken gross atomic population"
                                                         0

0                                      5.9329686642201160e+00
1                                      1.3564700039830944e+00
2                                      1.3551474878081455e+00
3                                      1.3554138439886358e+00
   &ZA [&Type "ArrayOfDoubles", &Dim (4,1)] "Total nuclear charge"
                                                         0

0                                      7.0000000000000000e+00
1                                      1.0000000000000000e+00
2                                      1.0000000000000000e+00
3                                      1.0000000000000000e+00
   &QA [&Type "ArrayOfDoubles", &Dim (4,1)] "Mulliken gross atomic charge"
                                                         0

0                                      1.0670313357798840e+00
1                                     -3.5647000398309436e-01
2                                     -3.5514748780814553e-01
3                                     -3.5541384398863585e-01
   &VA [&Type "ArrayOfDoubles", &Dim (4,1)] "Mayer's total valence"
                                                         0

0                                      2.2770053004237648e-01
1                                      6.8812568232071136e-01
2                                      6.9087545472872081e-01
3                                      6.9039657772113183e-01
   &BVA [&Type "ArrayOfDoubles", &Dim (4,1)] "Mayer's bonded valence"
                                                         0

0                                      2.2770053004237489e-01
1                                      6.8812568232071802e-01
2                                      6.9087545472870637e-01
3                                      6.9039657772112450e-01
   &FA [&Type "ArrayOfDoubles", &Dim (4,1)] "Mayer's free valence"
                                                         0

0                                      0.0000000000000000e+00
1                                      0.0000000000000000e+00
2                                      0.0000000000000000e+00
3                                      0.0000000000000000e+00
$End
$SCF_Nuc_Gradient
   &GeometryIndex 1
   &ListStatus       OUT
   &NATOMS [&Type "Integer"] 4
   &ROOT [&Type "Integer"] 0
   &GRADNORM [&Type "Double"]       6.1736137469952066e+00
   &GRAD [&Type "ArrayOfDoubles", &Dim (12,1)] 
                                                         0

0                                      1.4073495712932954e-02
1                                     -2.3193677790703362e-03
2                                     -3.4416145023940632e+00
3                                     -2.7371560710553773e+00
4                                     -1.4872098671382807e-05
5                                      1.1515050947108258e+00
6                                      1.3607805585335051e+00
7                                     -2.3568734913268634e+00
8                                      1.1444656420822088e+00
9                                      1.3623020168189259e+00
10                                     2.3592077312050543e+00
11                                     1.1456437657726837e+00
$End
$SCF_Dipole_Moment
   &GeometryIndex 1
   &ListStatus       OUT
   &METHOD [&Type "String"] "SCF"
   &LEVEL [&Type "String"] "Relaxed density"
   &MULT [&Type "Integer"] 1
   &STATE [&Type "Integer"] -1
   &IRREP [&Type "Integer"] 0
   &NATOMS [&Type "Integer"] 4
   &DODIPOLEATOM [&Type "Boolean"] false
   &DIPOLEELECCONTRIB [&Type "ArrayOfDoubles", &Dim (3,1)] "Electronic contribution"
                                                         0

0                                      4.2399352612401773e-04
1                                     -6.9128823169716316e-05
2                                     -2.6688105661813860e-01
   &DIPOLENUCCONTRIB [&Type "ArrayOfDoubles", &Dim (3,1)] "Nuclear contribution"
                                                         0

0                                     -5.8058456345955189e-04
1                                      1.0399462734489440e-04
2                                     -4.7717698452770507e-01
   &DIPOLETOTAL [&Type "ArrayOfDoubles", &Dim (3,1)] "Total"
                                                         0

0                                     -1.5659103733553417e-04
1                                      3.4865804175178081e-05
2                                     -7.4405804114584373e-01
   &DIPOLEMAGNITUDE [&Type "Double", &Units "a.u."]       7.4405805844044681e-01
$End
$SCF_Polarizability
   &GeometryIndex 1
   &ListStatus       OUT
   &METHOD [&Type "String"] "SCF"
   &LEVEL [&Type "String"] "Relaxed density"
   &MULT [&Type "Integer"] 1
   &STATE [&Type "Integer"] -1
   &IRREP [&Type "Integer"] 0
   &NATOMS [&Type "Integer"] 4
   &DODIPOLEATOM [&Type "Boolean"] false
   &RAWCARTESIAN [&Type "ArrayOfDoubles", &Units "a.u", &Dim (3,3)] 
                                                         0                           1                           2

0                                      3.2871123647740652e+00        -1.4176914032723240e-04         1.7878552728510869e-04
1                                     -1.4176914032723240e-04         3.2897391919630508e+00        -2.3239961985908365e-04
2                                      1.7878552728510869e-04        -2.3239961985908365e-04         3.5889183911750457e+00
   &DIAGONALIZEDTENSOR [&Type "ArrayOfDoubles", &Dim (3,1)] 
                                                         0

0                                      3.2871046443386982e+00
1                                      3.2897466258323305e+00
2                                      3.5889186777411344e+00
   &ORIENTATION [&Type "ArrayOfDoubles", &Dim (3,3)] 
                                                         0                           1                           2

0                                      9.9855774610929293e-01        -5.3684973064184190e-02         5.9274971670136064e-04
1                                      5.3685426230962063e-02         9.9855759532031541e-01        -7.7707046617590185e-04
2                                     -5.5017772469048243e-04         8.0777175446210053e-04         9.9999952240451806e-01
   &ISOTROPICPOLAR [&Type "Double"]       3.3885899826373871e+00
$End
$THERMOCHEMISTRY_Energies
   &GeometryIndex 1
   &ListStatus       OUT
   &TEMPERATURE [&Type "Double"]       2.9814999999999998e+02
   &PRESSURE [&Type "Double"]       1.0000000000000000e+00
   &TOTALMASS [&Type "Double"]       1.7030999999999999e+01
   &SPINDEGENERACY [&Type "Integer"] 1
   &ELENERGY [&Type "Double"]      -5.4130459183565733e+01
   &TRANSENERGY [&Type "Double"]       1.4162714244859817e-03
   &ROTENERGY [&Type "Double"]       1.4162714244859817e-03
   &VIBENERGY [&Type "Double"]       5.8566246884394060e-37
   &NUMOFFREQS [&Type "Integer"] 12
   &FREQSCALINGFACTOR [&Type "Double"]       1.0000000000000000e+00
   &FREQ [&Type "ArrayOfDoubles", &Dim (12,1)] "In cm^-1"
                                                         0

0                                      0.0000000000000000e+00
1                                      0.0000000000000000e+00
2                                      0.0000000000000000e+00
3                                      0.0000000000000000e+00
4                                      0.0000000000000000e+00
5                                      0.0000000000000000e+00
6                                     -9.1513620669077463e+03
7                                     -8.2993658972937828e+03
8                                     -8.2803207105243691e+03
9                                      1.6766747760017224e+04
10                                     1.7508184146367239e+04
11                                     1.7541263647303484e+04
   &ZPE [&Type "Double"]       1.1804597939619457e-01
   &INNERENERGYU [&Type "Double"]      -5.4009580661320562e+01
   &ENTHALPYH [&Type "Double"]      -5.4008636452278303e+01
   &QEL [&Type "Double"]       0.0000000000000000e+00
   &QROT [&Type "Double"]       4.5408520234404594e-03
   &QVIB [&Type "Double"]      -3.6411223082574854e-12
   &QTRANS [&Type "Double"]       1.6364250539629886e-02
   &ENTROPYS [&Type "Double"]       2.0905102559429223e-02
   &FREEENERGYG [&Type "Double"]      -5.4029541554837735e+01
   &ISLINEAR [&Type "Boolean"] false
$End
$Hessian
   &GeometryIndex 1
   &ListStatus       OUT
   &HESSIAN [&Type "ArrayOfDoubles", &Dim (12,12)] "The Hessian"
                                                         0                           1                           2                           3                           4                           5                           6                           7

0                                      8.8890060974793084e+00         5.9531791375158072e-03        -2.9931835672166729e-02        -8.5305899599628496e+00        -5.0541342861219480e-05         5.2010081138019757e+00        -1.7921519425394206e-01         4.7924241442765201e+00
1                                      5.9531791375158072e-03         8.8243363515029856e+00         4.6034585735865718e-03        -1.3826642849685362e-04         2.6089018202715044e+00         3.5587008553768435e-05         4.7925281420632428e+00        -5.7139886496761907e+00
2                                     -2.9931835672166729e-02         4.6034585735865718e-03        -1.8747356681012666e+00         4.8152709210546023e+00        -6.1403745569880243e-06         6.2966707777697939e-01        -2.3911979156308591e+00         4.1427400132125278e+00
3                                     -8.5305899599628496e+00        -1.3826642849685362e-04         4.8152709210546023e+00         8.5115952797655368e+00         9.7458680172884948e-05        -4.9703872839591430e+00         9.4860135375677279e-03        -1.0518364837835857e-01
4                                     -5.0541342861219480e-05         2.6089018202715044e+00        -6.1403745569880243e-06         9.7458680172884948e-05        -2.7174921774883956e+00        -3.4500765970021594e-05         1.8256082369544696e-01         5.4278767062283240e-02
5                                      5.2010081138019757e+00         3.5587008553768435e-05         6.2966707777697939e-01        -4.9703872839591430e+00        -3.4500765970021594e-05        -7.4545522500557404e-01        -1.1527522755182032e-01         2.2812191031721080e-02
6                                     -1.7921519425394206e-01         4.7925281420632428e+00        -2.3911979156308591e+00         9.4860135375677279e-03         1.8256082369544696e-01        -1.1527522755182032e-01         9.3224351748387363e-02        -4.8311658495568652e+00
7                                      4.7924241442765201e+00        -5.7139886496761907e+00         4.1427400132125278e+00        -1.0518364837835857e-01         5.4278767062283240e-02         2.2812191031721080e-02        -4.8311658495568652e+00         5.6732267524271389e+00
8                                     -2.5840415928189984e+00         4.4757905144527363e+00         6.2175738856432838e-01         7.7539612050238571e-02        -8.8232523408053903e-02         5.7886845433871986e-02         2.4689497842844208e+00        -4.2765479950563536e+00
9                                     -1.7920094326251601e-01        -4.7983431382277972e+00        -2.3941172284530343e+00         9.5086666597454794e-03        -1.8260857595960239e-01        -1.1532889155627279e-01         7.6504828967986965e-02         1.4402735528995736e-01
10                                    -4.7983266986156394e+00        -5.7192495220982993e+00        -4.1473359102611580e+00         1.0522529105352631e-01         5.4311590154608236e-02        -2.2813723684171144e-02        -1.4402511783307875e-01        -1.3516869813231136e-02
11                                    -2.5870586266093527e+00        -4.4804309811852754e+00         6.2331120175995869e-01         7.7560040119562523e-02         8.8273610958447227e-02         5.7901301794722609e-02         3.7543213153818158e-02         1.1106296272489191e-01
                                                         8                           9                          10                          11

0                                     -2.5840415928189984e+00        -1.7920094326251601e-01        -4.7983266986156394e+00        -2.5870586266093527e+00
1                                      4.4757905144527363e+00        -4.7983431382277972e+00        -5.7192495220982993e+00        -4.4804309811852754e+00
2                                      6.2175738856432838e-01        -2.3941172284530343e+00        -4.1473359102611580e+00         6.2331120175995869e-01
3                                      7.7539612050238571e-02         9.5086666597454794e-03         1.0522529105352631e-01         7.7560040119562523e-02
4                                     -8.8232523408053903e-02        -1.8260857595960239e-01         5.4311590154608236e-02         8.8273610958447227e-02
5                                      5.7886845433871986e-02        -1.1532889155627279e-01        -2.2813723684171144e-02         5.7901301794722609e-02
6                                      2.4689497842844208e+00         7.6504828967986965e-02        -1.4402511783307875e-01         3.7543213153818158e-02
7                                     -4.2765479950563536e+00         1.4402735528995736e-01        -1.3516869813231136e-02         1.1106296272489191e-01
8                                     -7.3739218295757669e-01         3.7532342228779172e-02        -1.1107716790111594e-01         5.7747948959376336e-02
9                                      3.7532342228779172e-02         9.3187447634783566e-02         4.8370254421463175e+00         2.4719345755582500e+00
10                                    -1.1107716790111594e-01         4.8370254421463175e+00         5.6784548017569225e+00         4.2811606046741906e+00
11                                     5.7747948959376336e-02         2.4719345755582500e+00         4.2811606046741906e+00        -7.3896045251405762e-01
   &MODES [&Type "ArrayOfDoubles", &Dim (12,12)] "The modes of vibrations"
                                                         0                           1                           2                           3                           4                           5                           6                           7

0                                      0.0000000000000000e+00         0.0000000000000000e+00         0.0000000000000000e+00         0.0000000000000000e+00         0.0000000000000000e+00         0.0000000000000000e+00         3.0925469873815600e-04         4.6585483601044256e-03
1                                      0.0000000000000000e+00         0.0000000000000000e+00         0.0000000000000000e+00         0.0000000000000000e+00         0.0000000000000000e+00         0.0000000000000000e+00        -5.0633336766436428e-05        -6.1847184210905154e-02
2                                      0.0000000000000000e+00         0.0000000000000000e+00         0.0000000000000000e+00         0.0000000000000000e+00         0.0000000000000000e+00         0.0000000000000000e+00        -1.0226754828893302e-01         1.3821985023203473e-04
3                                      0.0000000000000000e+00         0.0000000000000000e+00         0.0000000000000000e+00         0.0000000000000000e+00         0.0000000000000000e+00         0.0000000000000000e+00         2.4164991294423874e-01         1.1562569686966928e-02
4                                      0.0000000000000000e+00         0.0000000000000000e+00         0.0000000000000000e+00         0.0000000000000000e+00         0.0000000000000000e+00         0.0000000000000000e+00         6.4714292980904147e-04         7.3116383991576894e-01
5                                      0.0000000000000000e+00         0.0000000000000000e+00         0.0000000000000000e+00         0.0000000000000000e+00         0.0000000000000000e+00         0.0000000000000000e+00         4.7556879930980961e-01         1.8295260578938960e-02
6                                      0.0000000000000000e+00         0.0000000000000000e+00         0.0000000000000000e+00         0.0000000000000000e+00         0.0000000000000000e+00         0.0000000000000000e+00        -1.2260938792833762e-01         3.4634367743133854e-01
7                                      0.0000000000000000e+00         0.0000000000000000e+00         0.0000000000000000e+00         0.0000000000000000e+00         0.0000000000000000e+00         0.0000000000000000e+00         2.0608210054281673e-01         3.4855970055017865e-02
8                                      0.0000000000000000e+00         0.0000000000000000e+00         0.0000000000000000e+00         0.0000000000000000e+00         0.0000000000000000e+00         0.0000000000000000e+00         4.7248885113843825e-01        -2.2784461366782144e-01
9                                      0.0000000000000000e+00         0.0000000000000000e+00         0.0000000000000000e+00         0.0000000000000000e+00         0.0000000000000000e+00         0.0000000000000000e+00        -1.2333787676711680e-01        -4.2264065870559003e-01
10                                     0.0000000000000000e+00         0.0000000000000000e+00         0.0000000000000000e+00         0.0000000000000000e+00         0.0000000000000000e+00         0.0000000000000000e+00        -2.0602565106380893e-01         9.3398353959916289e-02
11                                     0.0000000000000000e+00         0.0000000000000000e+00         0.0000000000000000e+00         0.0000000000000000e+00         0.0000000000000000e+00         0.0000000000000000e+00         4.7303515598338408e-01         2.0762867308669983e-01
                                                         8                           9                          10                          11

0                                      6.1799439302912762e-02         2.1782651202299744e-03         5.9974131555183682e-03         7.5745576664359979e-02
1                                      4.6528682648941631e-03        -3.9047800225290152e-04        -7.5765528945087063e-02         6.0137706058313450e-03
2                                      5.7772009786364947e-04         4.7069019353053888e-02        -3.4910522416256665e-04        -1.3391569742376023e-03
3                                      1.5681238011889650e-01         5.0156000417208690e-01        -6.0336627495969034e-02        -7.2772764479113283e-01
4                                     -5.5122092475717109e-02        -5.8346493197318197e-05        -1.1402776621165539e-02         8.9059017046569681e-04
5                                      2.4917756211190556e-01        -2.0916244713725179e-01         2.6040389459648778e-02         3.1449817104768130e-01
6                                     -5.3670831019495646e-01        -2.6751599028588130e-01        -3.2532782606179739e-01        -1.3749861456951373e-01
7                                     -3.9073636468667777e-01         4.6398218955690357e-01         5.5363746733105546e-01         2.5866777038133582e-01
8                                     -1.1217173008599431e-01        -2.2382705849032819e-01        -2.7767616452373195e-01        -1.2674787663371884e-01
9                                     -4.7885877857066567e-01        -2.6431282295273467e-01         3.0232539991754248e-01        -1.8732164970452242e-01
10                                     3.8120297523146968e-01        -4.5849782582406701e-01         5.1059047192288276e-01        -3.4312471459533300e-01
11                                    -1.4503373421914156e-01        -2.2107374246589817e-01         2.5648688307484219e-01        -1.6914159229278575e-01
$End
